Failed attempts: 510
Total attempts: 410
Success rate: -0.24390243902439024
Max speed: 2.350981632118454
Demo cases: 
     Speed Value  Angle  Ground Noise Mean Speed Success       Reward
0       0.100000  -20.0         0.001          0   False   -16.531559
1       0.422222  -20.0         0.001          0   False   -10.919614
2       0.744444  -20.0         0.001          0   False   -17.786940
3       1.066667  -20.0         0.001          0   False   -15.042804
4       1.388889  -20.0         0.001          0   False   -11.650144
5       1.711111  -20.0         0.001          0   False   -13.090200
6       2.033333  -20.0         0.001          0   False   -16.397572
7       2.355556  -20.0         0.001          0   False   -10.595163
8       2.677778  -20.0         0.001          0   False   -17.627029
9       3.000000  -20.0         0.001          0   False   -19.989130
10      0.100000  -19.0         0.001          0   False   -16.798322
11      0.422222  -19.0         0.001          0   False    -5.478497
12      0.744444  -19.0         0.001          0   False   -17.940359
13      1.066667  -19.0         0.001          0   False    -3.943195
14      1.388889  -19.0         0.001          0   False   -13.898497
15      1.711111  -19.0         0.001          0   False   -13.938233
16      2.033333  -19.0         0.001          0   False   -16.383230
17      2.355556  -19.0         0.001          0   False    -6.328231
18      2.677778  -19.0         0.001          0   False   -19.391777
19      3.000000  -19.0         0.001          0   False   -10.048508
20      0.100000  -18.0         0.001          0   False   -14.108605
21      0.422222  -18.0         0.001          0   False    -1.641892
22      0.744444  -18.0         0.001          0   False     1.540687
23      1.066667  -18.0         0.001          0   False   -10.811725
24      1.388889  -18.0         0.001          0   False    -4.355046
25      1.711111  -18.0         0.001          0   False    -5.954132
26      2.033333  -18.0         0.001          0   False   -14.766614
27      2.355556  -18.0         0.001          0   False    -5.417874
28      2.677778  -18.0         0.001          0   False   -16.170735
29      3.000000  -18.0         0.001          0   False   -12.863784
30      0.100000  -17.0         0.001          0   False    -1.577329
31      0.422222  -17.0         0.001          0   False   -16.554973
32      0.744444  -17.0         0.001          0   False     9.339486
33      1.066667  -17.0         0.001          0   False     1.503310
34      1.388889  -17.0         0.001          0   False    -4.826767
35      1.711111  -17.0         0.001          0   False   -14.242007
36      2.033333  -17.0         0.001          0   False   -15.955391
37      2.355556  -17.0         0.001          0   False   -10.154830
38      2.677778  -17.0         0.001          0   False   -23.666759
39      3.000000  -17.0         0.001          0   False    76.109464
40      0.100000  -16.0         0.001          0   False  2882.332680
41      0.422222  -16.0         0.001          0   False  2825.393480
42      0.744444  -16.0         0.001          0   False  2848.138231
43      1.066667  -16.0         0.001   1.180708    True  2893.216268
44      1.388889  -16.0         0.001          0   False  2845.638819
45      1.711111  -16.0         0.001   1.799644    True  2604.416404
46      2.033333  -16.0         0.001   1.443621    True  3012.703311
47      2.355556  -16.0         0.001   1.712186    True  2762.879778
48      2.677778  -16.0         0.001          0   False   509.331729
49      3.000000  -16.0         0.001          0   False  1351.216474
50      0.100000  -15.0         0.001          0   False  2769.531778
51      0.422222  -15.0         0.001          0   False  2936.277283
52      0.744444  -15.0         0.001          0   False  3099.589840
53      1.066667  -15.0         0.001   1.259022    True  2752.069196
54      1.388889  -15.0         0.001    1.49098   False  2240.976097
55      1.711111  -15.0         0.001   1.605483    True  3058.195945
56      2.033333  -15.0         0.001   1.870595    True  2916.470937
57      2.355556  -15.0         0.001          0   False   919.027170
58      2.677778  -15.0         0.001   2.350982   False  1545.430712
59      3.000000  -15.0         0.001   1.370717    True  2986.575987
60      0.100000  -14.0         0.001          0   False  2780.981456
61      0.422222  -14.0         0.001          0   False  2969.519391
62      0.744444  -14.0         0.001          0   False  2726.198359
63      1.066667  -14.0         0.001   1.238385    True  2944.500131
64      1.388889  -14.0         0.001   1.133122    True  2941.173001
65      1.711111  -14.0         0.001    1.34028    True  3091.179611
66      2.033333  -14.0         0.001   1.556472    True  2949.746990
67      2.355556  -14.0         0.001   1.645143    True  2792.663537
68      2.677778  -14.0         0.001          0   False   382.029981
69      3.000000  -14.0         0.001          0   False   155.262851
70      0.100000  -13.0         0.001          0   False  2701.738279
71      0.422222  -13.0         0.001          0   False  3073.166039
72      0.744444  -13.0         0.001          0   False  3022.551311
73      1.066667  -13.0         0.001   1.225555    True  2863.391899
74      1.388889  -13.0         0.001   1.141044    True  2976.212799
75      1.711111  -13.0         0.001   1.597758    True  2957.404111
76      2.033333  -13.0         0.001   1.834737    True  2413.922074
77      2.355556  -13.0         0.001   1.458452    True  2881.276936
78      2.677778  -13.0         0.001   1.111326    True  2873.279613
79      3.000000  -13.0         0.001   1.466189    True  3022.438881
80      0.100000  -12.0         0.001          0   False  3308.753705
81      0.422222  -12.0         0.001          0   False  2990.305239
82      0.744444  -12.0         0.001          0   False  2954.747238
83      1.066667  -12.0         0.001          0   False  3072.442634
84      1.388889  -12.0         0.001   1.093755    True  3011.440201
85      1.711111  -12.0         0.001   1.204849    True  3094.581223
86      2.033333  -12.0         0.001   1.596833    True  2885.969096
87      2.355556  -12.0         0.001   1.761586    True  2232.324439
88      2.677778  -12.0         0.001    1.36655    True  3055.227737
89      3.000000  -12.0         0.001          0   False    85.311804
90      0.100000  -11.0         0.001          0   False  3216.786272
91      0.422222  -11.0         0.001          0   False  3083.040518
92      0.744444  -11.0         0.001          0   False  3059.757795
93      1.066667  -11.0         0.001          0   False  2965.617771
94      1.388889  -11.0         0.001     1.1197    True  3073.557698
95      1.711111  -11.0         0.001   1.284721    True  3131.830770
96      2.033333  -11.0         0.001   1.177087    True  3090.637807
97      2.355556  -11.0         0.001   1.247163    True  2619.316533
98      2.677778  -11.0         0.001          0   False   255.707567
99      3.000000  -11.0         0.001          0   False    61.005487
100     0.100000  -10.0         0.001          0   False  3255.068831
101     0.422222  -10.0         0.001          0   False  2992.309153
102     0.744444  -10.0         0.001          0   False  3141.983502
103     1.066667  -10.0         0.001          0   False  2946.121878
104     1.388889  -10.0         0.001   1.042834    True  3035.789240
105     1.711111  -10.0         0.001   1.216705    True  3140.209183
106     2.033333  -10.0         0.001   1.546126    True  2889.668760
107     2.355556  -10.0         0.001          0   False  2979.865400
108     2.677778  -10.0         0.001          0   False   245.190257
109     3.000000  -10.0         0.001   1.349957    True  1815.415063
110     0.100000   -9.0         0.001          0   False  3421.453881
111     0.422222   -9.0         0.001          0   False  3221.401889
112     0.744444   -9.0         0.001          0   False  3190.931623
113     1.066667   -9.0         0.001     1.0288    True  3010.347634
114     1.388889   -9.0         0.001     1.0554    True  2931.414828
115     1.711111   -9.0         0.001   1.214552    True  3088.336858
116     2.033333   -9.0         0.001   1.341718    True  3031.466545
117     2.355556   -9.0         0.001   1.255114    True  2940.945216
118     2.677778   -9.0         0.001    1.30938    True  2711.899999
119     3.000000   -9.0         0.001   1.189913    True  2921.049109
120     0.100000   -8.0         0.001          0   False  3443.377981
121     0.422222   -8.0         0.001          0   False  3419.786911
122     0.744444   -8.0         0.001          0   False  3338.363317
123     1.066667   -8.0         0.001   1.153871    True  2985.291142
124     1.388889   -8.0         0.001   1.191975    True  2847.420607
125     1.711111   -8.0         0.001   1.143928    True  3057.612868
126     2.033333   -8.0         0.001   1.213491    True  3141.634078
127     2.355556   -8.0         0.001   1.253505    True  2729.901715
128     2.677778   -8.0         0.001   1.382006    True  2807.185132
129     3.000000   -8.0         0.001          0   False   158.788881
130     0.100000   -7.0         0.001          0   False  3275.855829
131     0.422222   -7.0         0.001          0   False  3354.843019
132     0.744444   -7.0         0.001          0   False  3081.761513
133     1.066667   -7.0         0.001   1.138278    True  2836.208143
134     1.388889   -7.0         0.001          0   False  3213.628413
135     1.711111   -7.0         0.001   1.104978    True  3131.007263
136     2.033333   -7.0         0.001          0   False  3197.911838
137     2.355556   -7.0         0.001   1.230035    True  2795.768689
138     2.677778   -7.0         0.001   1.291882    True  2739.609610
139     3.000000   -7.0         0.001          0   False   121.990703
140     0.100000   -6.0         0.001          0   False  3327.898929
141     0.422222   -6.0         0.001          0   False  3486.630308
142     0.744444   -6.0         0.001          0   False  3342.830816
143     1.066667   -6.0         0.001          0   False  2921.010526
144     1.388889   -6.0         0.001          0   False  3028.701443
145     1.711111   -6.0         0.001          0   False  3292.566286
146     2.033333   -6.0         0.001   1.120459    True  2960.104138
147     2.355556   -6.0         0.001          0   False  3217.882600
148     2.677778   -6.0         0.001   1.049244    True  2672.241816
149     3.000000   -6.0         0.001          0   False  1160.036209
150     0.100000   -5.0         0.001          0   False  3224.802486
151     0.422222   -5.0         0.001          0   False  3137.912504
152     0.744444   -5.0         0.001          0   False  3476.493753
153     1.066667   -5.0         0.001          0   False  3098.058104
154     1.388889   -5.0         0.001          0   False  3133.121283
155     1.711111   -5.0         0.001          0   False  3307.826672
156     2.033333   -5.0         0.001   1.327589    True  2827.707297
157     2.355556   -5.0         0.001   1.494222    True  2340.536419
158     2.677778   -5.0         0.001          0   False   538.636800
159     3.000000   -5.0         0.001          0   False   331.522128
160     0.100000   -4.0         0.001          0   False  3485.882689
161     0.422222   -4.0         0.001          0   False  2828.372450
162     0.744444   -4.0         0.001          0   False  3305.496328
163     1.066667   -4.0         0.001          0   False  3167.109873
164     1.388889   -4.0         0.001   1.135313    True  2940.557537
165     1.711111   -4.0         0.001          0   False  3226.658080
166     2.033333   -4.0         0.001          0   False  3323.607932
167     2.355556   -4.0         0.001   1.500006    True  2664.324223
168     2.677778   -4.0         0.001          0   False  1794.833880
169     3.000000   -4.0         0.001          0   False    92.089654
170     0.100000   -3.0         0.001          0   False  3400.863929
171     0.422222   -3.0         0.001          0   False  3127.343985
172     0.744444   -3.0         0.001          0   False  3557.043752
173     1.066667   -3.0         0.001          0   False  3204.951935
174     1.388889   -3.0         0.001          0   False  3223.205865
175     1.711111   -3.0         0.001   1.031986    True  3158.801964
176     2.033333   -3.0         0.001   1.122701    True  3091.863706
177     2.355556   -3.0         0.001    1.19138    True  2445.141979
178     2.677778   -3.0         0.001          0   False   178.722840
179     3.000000   -3.0         0.001          0   False  2313.654625
180     0.100000   -2.0         0.001          0   False  3368.935863
181     0.422222   -2.0         0.001          0   False  3395.214237
182     0.744444   -2.0         0.001          0   False  3542.804301
183     1.066667   -2.0         0.001          0   False  3078.983313
184     1.388889   -2.0         0.001          0   False  3197.657964
185     1.711111   -2.0         0.001   1.144303    True  2915.040430
186     2.033333   -2.0         0.001          0   False  3354.730793
187     2.355556   -2.0         0.001   1.071578    True  3031.225500
188     2.677778   -2.0         0.001   1.209025    True  1958.140079
189     3.000000   -2.0         0.001   1.425752    True  2090.239792
190     0.100000   -1.0         0.001          0   False  2761.916821
191     0.422222   -1.0         0.001          0   False  2928.630916
192     0.744444   -1.0         0.001          0   False  3263.724690
193     1.066667   -1.0         0.001          0   False  2951.372300
194     1.388889   -1.0         0.001          0   False  3062.393353
195     1.711111   -1.0         0.001   1.290686    True  2771.347683
196     2.033333   -1.0         0.001          0   False  3360.073851
197     2.355556   -1.0         0.001   1.017549    True  2943.085534
198     2.677778   -1.0         0.001          0   False   425.422081
199     3.000000   -1.0         0.001   1.112229    True  2373.365590
200     0.100000    0.0         0.001          0   False  2784.200376
201     0.422222    0.0         0.001          0   False  3172.504698
202     0.744444    0.0         0.001          0   False  3311.523869
203     1.066667    0.0         0.001          0   False  3286.415709
204     1.388889    0.0         0.001          0   False  3195.505682
205     1.711111    0.0         0.001     1.1132    True  2851.395550
206     2.033333    0.0         0.001          0   False  2967.442912
207     2.355556    0.0         0.001          0   False  3198.529603
208     2.677778    0.0         0.001          0   False  1398.409059
209     3.000000    0.0         0.001          0   False   858.894723
210     0.100000    1.0         0.001          0   False  3333.230088
211     0.422222    1.0         0.001          0   False  3146.790341
212     0.744444    1.0         0.001          0   False  3341.548308
213     1.066667    1.0         0.001          0   False  2625.943917
214     1.388889    1.0         0.001          0   False  3232.228811
215     1.711111    1.0         0.001          0   False  3103.868799
216     2.033333    1.0         0.001          0   False  3048.515307
217     2.355556    1.0         0.001          0   False  2704.898045
218     2.677778    1.0         0.001          0   False  2768.163559
219     3.000000    1.0         0.001          0   False   768.041260
220     0.100000    2.0         0.001          0   False  3613.921384
221     0.422222    2.0         0.001          0   False  3208.989289
222     0.744444    2.0         0.001          0   False  3469.207241
223     1.066667    2.0         0.001          0   False  2939.962255
224     1.388889    2.0         0.001          0   False  3247.042907
225     1.711111    2.0         0.001          0   False  3051.258666
226     2.033333    2.0         0.001          0   False  2891.751465
227     2.355556    2.0         0.001          0   False  3156.544289
228     2.677778    2.0         0.001          0   False  2299.195967
229     3.000000    2.0         0.001          0   False  2789.674779
230     0.100000    3.0         0.001          0   False  2464.095101
231     0.422222    3.0         0.001          0   False  3112.486221
232     0.744444    3.0         0.001          0   False  3482.895285
233     1.066667    3.0         0.001          0   False  2555.822366
234     1.388889    3.0         0.001          0   False  2992.842153
235     1.711111    3.0         0.001          0   False  2887.726050
236     2.033333    3.0         0.001          0   False  3364.611889
237     2.355556    3.0         0.001          0   False   630.916357
238     2.677778    3.0         0.001          0   False  2689.686377
239     3.000000    3.0         0.001          0   False  2773.343628
240     0.100000    4.0         0.001          0   False  3307.019090
241     0.422222    4.0         0.001          0   False  3241.691867
242     0.744444    4.0         0.001          0   False  3572.610317
243     1.066667    4.0         0.001          0   False  2959.825068
244     1.388889    4.0         0.001          0   False  3057.996568
245     1.711111    4.0         0.001          0   False  3184.796831
246     2.033333    4.0         0.001          0   False  3251.134068
247     2.355556    4.0         0.001          0   False  3038.977076
248     2.677778    4.0         0.001          0   False  2696.243577
249     3.000000    4.0         0.001          0   False  1406.583236
250     0.100000    5.0         0.001          0   False  2745.831708
251     0.422222    5.0         0.001          0   False  3122.330647
252     0.744444    5.0         0.001          0   False  3367.751060
253     1.066667    5.0         0.001          0   False  3077.488908
254     1.388889    5.0         0.001          0   False  3375.842560
255     1.711111    5.0         0.001          0   False  2715.385734
256     2.033333    5.0         0.001          0   False  3406.192278
257     2.355556    5.0         0.001          0   False  2989.374240
258     2.677778    5.0         0.001          0   False  2787.435813
259     3.000000    5.0         0.001          0   False   -16.635606
260     0.100000    6.0         0.001          0   False  2650.182219
261     0.422222    6.0         0.001          0   False  2931.245138
262     0.744444    6.0         0.001          0   False  3194.261925
263     1.066667    6.0         0.001          0   False  2848.919825
264     1.388889    6.0         0.001          0   False  3080.283023
265     1.711111    6.0         0.001          0   False  3271.881066
266     2.033333    6.0         0.001          0   False  3214.575244
267     2.355556    6.0         0.001          0   False  3072.823146
268     2.677778    6.0         0.001          0   False  2633.946706
269     3.000000    6.0         0.001          0   False   163.316942
270     0.100000    7.0         0.001          0   False  3926.865174
271     0.422222    7.0         0.001          0   False  3247.991104
272     0.744444    7.0         0.001          0   False  3458.532815
273     1.066667    7.0         0.001          0   False  2627.335316
274     1.388889    7.0         0.001          0   False  3116.475936
275     1.711111    7.0         0.001          0   False  2995.020811
276     2.033333    7.0         0.001          0   False  2586.459090
277     2.355556    7.0         0.001          0   False  2604.125745
278     2.677778    7.0         0.001          0   False  2197.760954
279     3.000000    7.0         0.001          0   False   691.140961
280     0.100000    8.0         0.001          0   False  2672.424945
281     0.422222    8.0         0.001          0   False  2978.948686
282     0.744444    8.0         0.001          0   False  3476.272278
283     1.066667    8.0         0.001          0   False  2697.691517
284     1.388889    8.0         0.001          0   False  2847.024507
285     1.711111    8.0         0.001          0   False  2370.477865
286     2.033333    8.0         0.001          0   False  2400.833700
287     2.355556    8.0         0.001          0   False  2208.768690
288     2.677778    8.0         0.001          0   False  2697.964818
289     3.000000    8.0         0.001          0   False  1058.222380
290     0.100000    9.0         0.001          0   False  3299.949957
291     0.422222    9.0         0.001          0   False  3161.458194
292     0.744444    9.0         0.001          0   False  3450.085030
293     1.066667    9.0         0.001          0   False  2452.444313
294     1.388889    9.0         0.001          0   False  2690.226484
295     1.711111    9.0         0.001          0   False  3018.929582
296     2.033333    9.0         0.001          0   False  2667.298450
297     2.355556    9.0         0.001          0   False  2425.146167
298     2.677778    9.0         0.001          0   False   958.904664
299     3.000000    9.0         0.001          0   False  1215.481294
300     0.100000   10.0         0.001          0   False  2024.635434
301     0.422222   10.0         0.001          0   False  2658.470991
302     0.744444   10.0         0.001          0   False  3205.242285
303     1.066667   10.0         0.001          0   False   904.632410
304     1.388889   10.0         0.001          0   False  2832.100313
305     1.711111   10.0         0.001          0   False  2244.134590
306     2.033333   10.0         0.001          0   False  2875.530682
307     2.355556   10.0         0.001          0   False  1273.339853
308     2.677778   10.0         0.001          0   False  2172.217413
309     3.000000   10.0         0.001          0   False   -11.179836
310     0.100000   11.0         0.001          0   False    46.347861
311     0.422222   11.0         0.001          0   False  2860.672606
312     0.744444   11.0         0.001          0   False  3251.926828
313     1.066667   11.0         0.001          0   False  1635.258765
314     1.388889   11.0         0.001          0   False  2721.155836
315     1.711111   11.0         0.001          0   False   154.853302
316     2.033333   11.0         0.001          0   False  3215.113411
317     2.355556   11.0         0.001          0   False  2817.455250
318     2.677778   11.0         0.001          0   False  1273.323504
319     3.000000   11.0         0.001          0   False  2376.194665
320     0.100000   12.0         0.001          0   False  3180.027606
321     0.422222   12.0         0.001          0   False     4.913260
322     0.744444   12.0         0.001          0   False  3355.948736
323     1.066667   12.0         0.001          0   False  2288.734809
324     1.388889   12.0         0.001          0   False   727.975794
325     1.711111   12.0         0.001          0   False  2209.420961
326     2.033333   12.0         0.001          0   False  2751.356058
327     2.355556   12.0         0.001          0   False  2122.192692
328     2.677778   12.0         0.001          0   False  2033.276611
329     3.000000   12.0         0.001          0   False   300.836404
330     0.100000   13.0         0.001          0   False  3105.678252
331     0.422222   13.0         0.001          0   False  3184.590576
332     0.744444   13.0         0.001          0   False  3163.518594
333     1.066667   13.0         0.001          0   False   808.605616
334     1.388889   13.0         0.001          0   False  1962.813591
335     1.711111   13.0         0.001          0   False  2058.106900
336     2.033333   13.0         0.001          0   False  2213.173570
337     2.355556   13.0         0.001          0   False  2304.016587
338     2.677778   13.0         0.001          0   False    41.842746
339     3.000000   13.0         0.001          0   False   914.218284
340     0.100000   14.0         0.001          0   False    30.811639
341     0.422222   14.0         0.001          0   False   781.182465
342     0.744444   14.0         0.001          0   False  2462.808286
343     1.066667   14.0         0.001          0   False   345.544197
344     1.388889   14.0         0.001          0   False    17.668301
345     1.711111   14.0         0.001          0   False  2022.450232
346     2.033333   14.0         0.001          0   False  1024.419419
347     2.355556   14.0         0.001          0   False  2248.690096
348     2.677778   14.0         0.001          0   False    57.547638
349     3.000000   14.0         0.001          0   False    -8.827938
350     0.100000   15.0         0.001          0   False    28.457539
351     0.422222   15.0         0.001          0   False   582.553910
352     0.744444   15.0         0.001          0   False  2773.485068
353     1.066667   15.0         0.001          0   False   271.775350
354     1.388889   15.0         0.001          0   False  2813.526699
355     1.711111   15.0         0.001          0   False  1015.361449
356     2.033333   15.0         0.001          0   False   191.519742
357     2.355556   15.0         0.001          0   False     9.013493
358     2.677778   15.0         0.001          0   False  1747.691731
359     3.000000   15.0         0.001          0   False  1602.242713
360     0.100000   16.0         0.001          0   False    -5.207023
361     0.422222   16.0         0.001          0   False     5.069290
362     0.744444   16.0         0.001          0   False  2849.384701
363     1.066667   16.0         0.001          0   False    -7.350249
364     1.388889   16.0         0.001          0   False   915.874859
365     1.711111   16.0         0.001          0   False   -15.069386
366     2.033333   16.0         0.001          0   False    -7.059298
367     2.355556   16.0         0.001          0   False  1381.523518
368     2.677778   16.0         0.001          0   False    82.190916
369     3.000000   16.0         0.001          0   False   313.063161
370     0.100000   17.0         0.001          0   False    -6.318183
371     0.422222   17.0         0.001          0   False    -3.017940
372     0.744444   17.0         0.001          0   False   -12.476040
373     1.066667   17.0         0.001          0   False   -14.129893
374     1.388889   17.0         0.001          0   False   -14.447106
375     1.711111   17.0         0.001          0   False   -16.476485
376     2.033333   17.0         0.001          0   False   -19.580322
377     2.355556   17.0         0.001          0   False   -12.569963
378     2.677778   17.0         0.001          0   False   -16.807819
379     3.000000   17.0         0.001          0   False   -13.493894
380     0.100000   18.0         0.001          0   False   -10.554954
381     0.422222   18.0         0.001          0   False   -24.356638
382     0.744444   18.0         0.001          0   False   -10.194058
383     1.066667   18.0         0.001          0   False   -21.957600
384     1.388889   18.0         0.001          0   False   -17.689057
385     1.711111   18.0         0.001          0   False   -16.460168
386     2.033333   18.0         0.001          0   False   -14.289579
387     2.355556   18.0         0.001          0   False   -23.864387
388     2.677778   18.0         0.001          0   False   -19.193803
389     3.000000   18.0         0.001          0   False   -16.684036
390     0.100000   19.0         0.001          0   False   -13.135408
391     0.422222   19.0         0.001          0   False   -19.164389
392     0.744444   19.0         0.001          0   False   -16.624396
393     1.066667   19.0         0.001          0   False   -23.034093
394     1.388889   19.0         0.001          0   False   -17.262883
395     1.711111   19.0         0.001          0   False   -20.515810
396     2.033333   19.0         0.001          0   False   -23.922786
397     2.355556   19.0         0.001          0   False   -21.896267
398     2.677778   19.0         0.001          0   False   -20.597695
399     3.000000   19.0         0.001          0   False   -25.137336
400     0.100000   20.0         0.001          0   False   -11.950137
401     0.422222   20.0         0.001          0   False   -21.788895
402     0.744444   20.0         0.001          0   False   -14.857521
403     1.066667   20.0         0.001          0   False   -29.103658
404     1.388889   20.0         0.001          0   False   -16.721752
405     1.711111   20.0         0.001          0   False   -19.106887
406     2.033333   20.0         0.001          0   False   -15.656022
407     2.355556   20.0         0.001          0   False   -19.799837
408     2.677778   20.0         0.001          0   False   -18.978615
409     3.000000   20.0         0.001          0   False   -23.294781