Failed attempts: 2
Total attempts: 20
Success rate: 0.9
Max speed: 2.799814286725093
Demo cases: 
    Speed Value      Angle  Ground Noise  Mean Speed Success       Reward
0           1.5 -10.000000         0.001    2.372249    True  1160.476513
1           1.5  -8.947368         0.001    1.387265    True   838.409551
2           1.5  -7.894737         0.001    2.799814    True   959.028962
3           1.5  -6.842105         0.001    2.414606    True  1022.808405
4           1.5  -5.789474         0.001    1.531046    True   977.828875
5           1.5  -4.736842         0.001    1.602886    True   882.813137
6           1.5  -3.684211         0.001    1.681945    True  1047.386151
7           1.5  -2.631579         0.001    1.359268    True   889.953007
8           1.5  -1.578947         0.001    1.105124    True   754.512849
9           1.5  -0.526316         0.001    1.402279    True   676.350432
10          1.5   0.526316         0.001    1.095270    True   643.128459
11          1.5   1.578947         0.001    1.021803    True   663.125544
12          1.5   2.631579         0.001    0.000000   False  -114.577026
13          1.5   3.684211         0.001    0.915694    True   695.492923
14          1.5   4.736842         0.001    1.038524    True   696.674646
15          1.5   5.789474         0.001    0.832229    True   543.622166
16          1.5   6.842105         0.001   -3.618869   False   -81.578472
17          1.5   7.894737         0.001    0.991869    True   429.189105
18          1.5   8.947368         0.001    0.673442    True   449.769213
19          1.5  10.000000         0.001    0.516339    True   315.923741