Failed attempts: 15
Total attempts: 20
Success rate: 0.25
Max speed: 0.5898534172728588
Demo cases: 
    Speed Value      Angle  Ground Noise  Mean Speed Success       Reward
0           1.5 -10.000000         0.001    0.589853    True  1113.075569
1           1.5  -8.947368         0.001    0.451514    True  1568.739296
2           1.5  -7.894737         0.001    0.000000   False  -100.578408
3           1.5  -6.842105         0.001    0.000000   False  -100.618470
4           1.5  -5.789474         0.001    0.000000   False  -101.209075
5           1.5  -4.736842         0.001    0.000000   False   -99.607960
6           1.5  -3.684211         0.001    0.000000   False  -100.587184
7           1.5  -2.631579         0.001    0.000000   False  -127.060239
8           1.5  -1.578947         0.001    0.253875    True  1492.554221
9           1.5  -0.526316         0.001    0.000000   False  -104.041396
10          1.5   0.526316         0.001    0.208399    True  1428.165919
11          1.5   1.578947         0.001    0.000000   False   -98.710790
12          1.5   2.631579         0.001    0.121786    True  1515.027385
13          1.5   3.684211         0.001    0.000000   False  -100.581027
14          1.5   4.736842         0.001    0.000000   False  -108.300565
15          1.5   5.789474         0.001    0.000000   False  -100.667291
16          1.5   6.842105         0.001    0.000000   False  -109.189036
17          1.5   7.894737         0.001    0.000000   False  -113.597791
18          1.5   8.947368         0.001    0.000000   False  -110.802077
19          1.5  10.000000         0.001    0.000000   False  -101.790479