Failed attempts: 185
Total attempts: 369
Success rate: 0.4986449864498645
Max speed: 2.021094459758319
Demo cases: 
     Speed Value  Angle  Ground Noise  Mean Speed Success       Reward
0         0.1000  -20.0           0.0    0.006865   False    -3.151874
1         0.4625  -20.0           0.0    0.007330   False    -4.231710
2         0.8250  -20.0           0.0    0.007133   False    -5.487178
3         1.1875  -20.0           0.0    0.006962   False    -5.869781
4         1.5500  -20.0           0.0    0.007704   False    -6.006727
5         1.9125  -20.0           0.0    0.007821   False    -6.295597
6         2.2750  -20.0           0.0    0.007907   False    -4.013631
7         2.6375  -20.0           0.0    0.008097   False   -11.561488
8         3.0000  -20.0           0.0    0.007877   False   -10.720325
9         0.1000  -19.0           0.0    0.006974   False    -2.575736
10        0.4625  -19.0           0.0    0.007588   False    -1.823183
11        0.8250  -19.0           0.0    0.007255   False    -1.710264
12        1.1875  -19.0           0.0    0.007207   False    -6.136983
13        1.5500  -19.0           0.0    0.008233   False    -6.564059
14        1.9125  -19.0           0.0    0.007782   False    -1.901421
15        2.2750  -19.0           0.0    0.008356   False    -2.308118
16        2.6375  -19.0           0.0    0.008082   False    -7.728513
17        3.0000  -19.0           0.0    0.008308   False   -10.178986
18        0.1000  -18.0           0.0    0.007053   False    -0.406248
19        0.4625  -18.0           0.0    0.007593   False     1.296921
20        0.8250  -18.0           0.0    0.007991   False     0.252774
21        1.1875  -18.0           0.0    0.007419   False    -3.453886
22        1.5500  -18.0           0.0    0.008478   False    -7.111574
23        1.9125  -18.0           0.0    0.008678   False    -4.312272
24        2.2750  -18.0           0.0    0.008826   False    -0.695611
25        2.6375  -18.0           0.0    0.009094   False    -1.226825
26        3.0000  -18.0           0.0    0.008683   False    -8.247653
27        0.1000  -17.0           0.0    0.008738   False     3.463530
28        0.4625  -17.0           0.0    0.008510   False     3.665789
29        0.8250  -17.0           0.0    0.009452   False     4.142165
30        1.1875  -17.0           0.0    0.009032   False     0.685198
31        1.5500  -17.0           0.0    0.009593   False    -3.723824
32        1.9125  -17.0           0.0    0.009311   False     0.549050
33        2.2750  -17.0           0.0    0.010018   False    -4.916175
34        2.6375  -17.0           0.0    0.010657   False    -7.938068
35        3.0000  -17.0           0.0    0.010563   False    -7.759521
36        0.1000  -16.0           0.0    0.266113    True  1953.038206
37        0.4625  -16.0           0.0    0.257262    True  1990.159947
38        0.8250  -16.0           0.0    0.484056    True  1823.164326
39        1.1875  -16.0           0.0    1.426883    True  1248.014888
40        1.5500  -16.0           0.0    1.713729    True   944.470973
41        1.9125  -16.0           0.0    0.912753    True  1579.866975
42        2.2750  -16.0           0.0    1.880374    True  1095.654063
43        2.6375  -16.0           0.0    0.716960    True  1394.909217
44        3.0000  -16.0           0.0    1.880931    True   786.388043
45        0.1000  -15.0           0.0    0.265299    True  1944.260105
46        0.4625  -15.0           0.0    0.711125    True  1501.178174
47        0.8250  -15.0           0.0    0.540103    True  1781.700434
48        1.1875  -15.0           0.0    1.534562    True  1174.516436
49        1.5500  -15.0           0.0    1.328853    True  1384.371040
50        1.9125  -15.0           0.0    1.768397    True  1170.989476
51        2.2750  -15.0           0.0    1.867252    True  1108.570623
52        2.6375  -15.0           0.0    0.347845   False    67.428395
53        3.0000  -15.0           0.0    1.792202    True   815.413259
54        0.1000  -14.0           0.0    0.240302    True  2017.224936
55        0.4625  -14.0           0.0    0.300580    True  1851.320192
56        0.8250  -14.0           0.0    0.305471    True  2001.146308
57        1.1875  -14.0           0.0    0.912572    True  1559.911723
58        1.5500  -14.0           0.0    1.093300    True  1504.933839
59        1.9125  -14.0           0.0    0.471155    True  1795.684050
60        2.2750  -14.0           0.0    2.021094    True   676.465709
61        2.6375  -14.0           0.0    0.478628   False   141.467543
62        3.0000  -14.0           0.0    0.293671   False   174.065661
63        0.1000  -13.0           0.0    0.216997    True  2057.582222
64        0.4625  -13.0           0.0    0.224440    True  2084.598079
65        0.8250  -13.0           0.0    0.288675    True  2076.082515
66        1.1875  -13.0           0.0    1.498776    True  1107.440354
67        1.5500  -13.0           0.0    1.426531   False   689.987006
68        1.9125  -13.0           0.0    1.377022    True  1328.912656
69        2.2750  -13.0           0.0    1.601964    True  1177.019451
70        2.6375  -13.0           0.0    0.472188   False   146.556106
71        3.0000  -13.0           0.0    1.602399    True   631.159686
72        0.1000  -12.0           0.0    0.208040    True  2094.863654
73        0.4625  -12.0           0.0    0.266906    True  2077.957042
74        0.8250  -12.0           0.0    0.295509    True  2080.605831
75        1.1875  -12.0           0.0    0.924216   False   457.676321
76        1.5500  -12.0           0.0    1.243608    True  1388.914544
77        1.9125  -12.0           0.0    0.460641    True  1803.890623
78        2.2750  -12.0           0.0    1.771796    True   736.099034
79        2.6375  -12.0           0.0    0.636597   False   707.254296
80        3.0000  -12.0           0.0    0.740539    True  1231.992187
81        0.1000  -11.0           0.0    0.198319    True  2133.930429
82        0.4625  -11.0           0.0    0.310202    True  1803.524056
83        0.8250  -11.0           0.0    0.463727    True  1764.373674
84        1.1875  -11.0           0.0    0.271610   False   223.587657
85        1.5500  -11.0           0.0    0.454231    True  1848.700022
86        1.9125  -11.0           0.0    0.502601    True  1732.325789
87        2.2750  -11.0           0.0    1.872895    True   738.219356
88        2.6375  -11.0           0.0    1.803318    True   762.067625
89        3.0000  -11.0           0.0    0.908959   False   181.290402
90        0.1000  -10.0           0.0    0.189128    True  2152.178329
91        0.4625  -10.0           0.0    0.197072    True  2106.266422
92        0.8250  -10.0           0.0    0.297232    True  2132.727471
93        1.1875  -10.0           0.0    1.480705    True  1233.386975
94        1.5500  -10.0           0.0    1.222945    True  1390.861518
95        1.9125  -10.0           0.0    1.502083    True  1216.872352
96        2.2750  -10.0           0.0    1.277114    True  1364.629238
97        2.6375  -10.0           0.0    0.101437   False    96.039084
98        3.0000  -10.0           0.0    0.680745    True  1366.128640
99        0.1000   -9.0           0.0    0.196454    True  2154.315512
100       0.4625   -9.0           0.0    0.309266    True  1753.886371
101       0.8250   -9.0           0.0    0.351955    True  1792.583390
102       1.1875   -9.0           0.0    1.284028    True  1255.986193
103       1.5500   -9.0           0.0    0.542439    True  1873.785670
104       1.9125   -9.0           0.0    0.976510    True  1704.270194
105       2.2750   -9.0           0.0    1.437517    True  1262.591238
106       2.6375   -9.0           0.0    0.407217    True  1658.521203
107       3.0000   -9.0           0.0    1.716973    True   803.629813
108       0.1000   -8.0           0.0    0.180068    True  2299.885899
109       0.4625   -8.0           0.0    0.370192    True  1664.279623
110       0.8250   -8.0           0.0    0.315756    True  2050.904750
111       1.1875   -8.0           0.0    1.244937    True  1305.380007
112       1.5500   -8.0           0.0    0.333855    True  1950.805788
113       1.9125   -8.0           0.0    1.578050    True   988.627422
114       2.2750   -8.0           0.0    1.357920    True  1263.774169
115       2.6375   -8.0           0.0    1.136867    True   858.040593
116       3.0000   -8.0           0.0    0.007066   False     6.917562
117       0.1000   -7.0           0.0    0.165154    True  2257.079093
118       0.4625   -7.0           0.0    0.210685    True  2030.236765
119       0.8250   -7.0           0.0    0.379961    True  1987.842235
120       1.1875   -7.0           0.0    1.314124    True  1260.154265
121       1.5500   -7.0           0.0    1.075556    True  1507.673404
122       1.9125   -7.0           0.0    1.222246    True  1398.974507
123       2.2750   -7.0           0.0    1.359604    True  1208.416146
124       2.6375   -7.0           0.0    0.548850   False   489.375368
125       3.0000   -7.0           0.0    0.035598   False     1.300822
126       0.1000   -6.0           0.0    0.175457    True  2173.687840
127       0.4625   -6.0           0.0    0.284352    True  1876.848322
128       0.8250   -6.0           0.0    0.334861    True  2035.450334
129       1.1875   -6.0           0.0    0.892718    True  1573.419149
130       1.5500   -6.0           0.0    1.175585    True  1369.056350
131       1.9125   -6.0           0.0    1.287209    True  1412.535338
132       2.2750   -6.0           0.0    0.533329    True  1602.071354
133       2.6375   -6.0           0.0    1.489838    True   751.702544
134       3.0000   -6.0           0.0    0.413349   False   413.215978
135       0.1000   -5.0           0.0    0.155520    True  2202.433089
136       0.4625   -5.0           0.0    0.216813    True  1991.204314
137       0.8250   -5.0           0.0    0.284760    True  2088.872454
138       1.1875   -5.0           0.0    1.277017    True  1112.544177
139       1.5500   -5.0           0.0    1.321677    True  1155.252656
140       1.9125   -5.0           0.0    0.302504    True  1907.879949
141       2.2750   -5.0           0.0    0.487268    True  1564.608513
142       2.6375   -5.0           0.0    0.881232    True  1352.745549
143       3.0000   -5.0           0.0    0.748875   False  1094.053932
144       0.1000   -4.0           0.0    0.145799    True  2315.065920
145       0.4625   -4.0           0.0    0.354828    True  1611.828376
146       0.8250   -4.0           0.0    0.388429    True  1985.769910
147       1.1875   -4.0           0.0    1.138592    True  1135.769308
148       1.5500   -4.0           0.0    1.048189    True  1281.152466
149       1.9125   -4.0           0.0    0.281902    True  1838.926300
150       2.2750   -4.0           0.0    0.792206    True  1434.332818
151       2.6375   -4.0           0.0    0.337369   False   151.140112
152       3.0000   -4.0           0.0    0.670596    True  1413.835982
153       0.1000   -3.0           0.0    0.169575    True  2125.584506
154       0.4625   -3.0           0.0    0.189826    True  1992.654030
155       0.8250   -3.0           0.0    0.234559    True  2202.099765
156       1.1875   -3.0           0.0    0.955549    True  1330.116460
157       1.5500   -3.0           0.0    0.593371    True  1817.638988
158       1.9125   -3.0           0.0    1.031833    True  1328.061478
159       2.2750   -3.0           0.0    1.045513    True  1222.014157
160       2.6375   -3.0           0.0    0.799472   False   453.929236
161       3.0000   -3.0           0.0    0.600715   False   218.329356
162       0.1000   -2.0           0.0    0.000000   False  1805.492296
163       0.4625   -2.0           0.0    0.254491    True  1830.059861
164       0.8250   -2.0           0.0    0.258649    True  2081.901069
165       1.1875   -2.0           0.0    0.941069    True  1308.786751
166       1.5500   -2.0           0.0    0.702921    True  1770.047631
167       1.9125   -2.0           0.0    0.316144    True  2020.315834
168       2.2750   -2.0           0.0    0.410742    True  1641.260038
169       2.6375   -2.0           0.0    1.107723    True  1068.773838
170       3.0000   -2.0           0.0    0.291772   False   112.575090
171       0.1000   -1.0           0.0    0.000000   False  1861.437371
172       0.4625   -1.0           0.0    0.263773    True  1728.226034
173       0.8250   -1.0           0.0    0.215458    True  2191.810430
174       1.1875   -1.0           0.0    0.661530    True  1661.350490
175       1.5500   -1.0           0.0    0.453884    True  1880.142613
176       1.9125   -1.0           0.0    0.527120    True  1903.859154
177       2.2750   -1.0           0.0    0.415522    True  1851.701529
178       2.6375   -1.0           0.0    0.546501   False  1125.382574
179       3.0000   -1.0           0.0    1.128487    True   939.572544
180       0.1000    0.0           0.0    0.211455    True  1975.257591
181       0.4625    0.0           0.0    0.160713    True  2115.336302
182       0.8250    0.0           0.0    0.000000   False  1684.050551
183       1.1875    0.0           0.0    0.621218    True  1640.897279
184       1.5500    0.0           0.0    0.680033    True  1389.079980
185       1.9125    0.0           0.0    0.634306    True  1680.398872
186       2.2750    0.0           0.0    0.698825    True  1747.352683
187       2.6375    0.0           0.0    0.258185   False   631.795870
188       3.0000    0.0           0.0    1.052675    True   713.888056
189       0.1000    1.0           0.0    0.129511    True  2135.008403
190       0.4625    1.0           0.0    0.125288    True  2274.903969
191       0.8250    1.0           0.0    0.146188    True  2368.554979
192       1.1875    1.0           0.0    0.656301    True  1670.817504
193       1.5500    1.0           0.0    0.663526    True  1645.673108
194       1.9125    1.0           0.0    0.478130    True  1909.378100
195       2.2750    1.0           0.0    0.251521   False   584.543709
196       2.6375    1.0           0.0    0.858884    True   764.189550
197       3.0000    1.0           0.0    0.401576    True  1051.711691
198       0.1000    2.0           0.0    0.133017    True  2410.988350
199       0.4625    2.0           0.0    0.224442    True  1564.357657
200       0.8250    2.0           0.0    0.288835    True  1965.001122
201       1.1875    2.0           0.0    0.653977    True  1419.008232
202       1.5500    2.0           0.0    0.567127    True  1791.070407
203       1.9125    2.0           0.0    0.198344    True  1892.956636
204       2.2750    2.0           0.0    0.238269   False   875.580390
205       2.6375    2.0           0.0    0.786868    True  1272.880096
206       3.0000    2.0           0.0    0.481423    True  1249.114766
207       0.1000    3.0           0.0    0.117196    True  2186.495594
208       0.4625    3.0           0.0    0.180167    True  1812.025265
209       0.8250    3.0           0.0    0.425368    True  1830.582541
210       1.1875    3.0           0.0    0.502474    True  1714.452251
211       1.5500    3.0           0.0    0.432810    True  1942.825162
212       1.9125    3.0           0.0    0.372425    True  1520.867637
213       2.2750    3.0           0.0    0.298387    True  1643.832254
214       2.6375    3.0           0.0    0.375274   False  1370.172509
215       3.0000    3.0           0.0    0.169979   False    99.791435
216       0.1000    4.0           0.0    0.100370    True  2333.120469
217       0.4625    4.0           0.0    0.105190    True  2194.666275
218       0.8250    4.0           0.0    0.136036    True  2357.258233
219       1.1875    4.0           0.0    0.287273    True  1928.298855
220       1.5500    4.0           0.0    0.216060    True  2038.796962
221       1.9125    4.0           0.0    0.140478    True  1986.828794
222       2.2750    4.0           0.0    0.193689    True  1519.739794
223       2.6375    4.0           0.0    0.200575   False   545.028312
224       3.0000    4.0           0.0    0.542765    True  1266.184051
225       0.1000    5.0           0.0    0.000000   False  2256.151177
226       0.4625    5.0           0.0    0.147155    True  1937.664997
227       0.8250    5.0           0.0    0.148092    True  2183.565417
228       1.1875    5.0           0.0    0.304535    True  1281.982346
229       1.5500    5.0           0.0    0.267178    True  1846.976416
230       1.9125    5.0           0.0    0.354486    True  1523.889217
231       2.2750    5.0           0.0    0.498556    True  1074.516366
232       2.6375    5.0           0.0    0.044071   False    93.278522
233       3.0000    5.0           0.0    0.078683   False   216.784514
234       0.1000    6.0           0.0    0.000000   False  2189.347778
235       0.4625    6.0           0.0    0.114643    True  1983.513060
236       0.8250    6.0           0.0    0.133773    True  2099.576199
237       1.1875    6.0           0.0    0.342877    True  1396.604377
238       1.5500    6.0           0.0    0.162163    True  1724.044057
239       1.9125    6.0           0.0    0.106791    True  1885.036804
240       2.2750    6.0           0.0    0.234470    True  1724.902867
241       2.6375    6.0           0.0    0.211758   False   340.620152
242       3.0000    6.0           0.0    0.390141   False   566.479918
243       0.1000    7.0           0.0    0.000000   False  2328.446705
244       0.4625    7.0           0.0    0.000000   False  2273.791755
245       0.8250    7.0           0.0    0.101365    True  2171.367789
246       1.1875    7.0           0.0    0.195289    True  1808.523607
247       1.5500    7.0           0.0    0.179476    True  1426.019644
248       1.9125    7.0           0.0    0.158085   False   573.472291
249       2.2750    7.0           0.0    0.469656    True  1666.469369
250       2.6375    7.0           0.0    0.282461    True  1354.430338
251       3.0000    7.0           0.0    0.494490    True   798.267712
252       0.1000    8.0           0.0    0.000000   False  2335.232135
253       0.4625    8.0           0.0    0.111321    True  1872.951649
254       0.8250    8.0           0.0    0.000000   False  2236.254624
255       1.1875    8.0           0.0    0.186385    True  1670.502665
256       1.5500    8.0           0.0    0.157024    True  1618.638424
257       1.9125    8.0           0.0    0.069336   False   905.168569
258       2.2750    8.0           0.0    0.126114   False   624.599582
259       2.6375    8.0           0.0    0.000000   False  1120.847765
260       3.0000    8.0           0.0   -0.052057   False   301.716688
261       0.1000    9.0           0.0    0.000000   False  2290.791098
262       0.4625    9.0           0.0    0.000000   False  2147.649559
263       0.8250    9.0           0.0    0.000000   False  2309.234205
264       1.1875    9.0           0.0    0.009302   False   393.007737
265       1.5500    9.0           0.0    0.106391    True  1613.189144
266       1.9125    9.0           0.0    0.136009    True  1672.251351
267       2.2750    9.0           0.0    0.041436   False   489.203808
268       2.6375    9.0           0.0    0.046903   False   973.167536
269       3.0000    9.0           0.0   -0.005183   False    -9.582198
270       0.1000   10.0           0.0    0.000000   False  1620.592055
271       0.4625   10.0           0.0    0.000000   False  1648.946550
272       0.8250   10.0           0.0    0.000000   False  2281.220812
273       1.1875   10.0           0.0    0.065512   False  1318.845373
274       1.5500   10.0           0.0    0.045873   False  1053.385009
275       1.9125   10.0           0.0    0.000000   False  1782.780095
276       2.2750   10.0           0.0    0.177858    True  1445.937662
277       2.6375   10.0           0.0   -0.080913   False    34.046139
278       3.0000   10.0           0.0    0.019450   False   585.400974
279       0.1000   11.0           0.0    0.000000   False  2197.178390
280       0.4625   11.0           0.0    0.000000   False  1838.487360
281       0.8250   11.0           0.0    0.000000   False  2086.853478
282       1.1875   11.0           0.0   -0.061443   False   711.754883
283       1.5500   11.0           0.0    0.000000   False  1731.773890
284       1.9125   11.0           0.0    0.000000   False  1645.761741
285       2.2750   11.0           0.0    0.038749   False   270.012693
286       2.6375   11.0           0.0    0.058051   False   166.297693
287       3.0000   11.0           0.0   -0.290561   False   160.189121
288       0.1000   12.0           0.0    0.000000   False  1982.336757
289       0.4625   12.0           0.0    0.000000   False  1600.578350
290       0.8250   12.0           0.0    0.000000   False  2083.530051
291       1.1875   12.0           0.0    0.000000   False  1552.780721
292       1.5500   12.0           0.0   -0.001731   False   247.494816
293       1.9125   12.0           0.0    0.000000   False  1330.225179
294       2.2750   12.0           0.0    0.000000   False  1453.272008
295       2.6375   12.0           0.0    0.010997   False   474.283956
296       3.0000   12.0           0.0   -0.043970   False   232.648399
297       0.1000   13.0           0.0    0.000000   False  2000.087021
298       0.4625   13.0           0.0    0.000000   False  1652.104079
299       0.8250   13.0           0.0    0.000000   False  1802.540943
300       1.1875   13.0           0.0   -0.015106   False   282.336299
301       1.5500   13.0           0.0    0.000000   False  1593.338349
302       1.9125   13.0           0.0    0.023377   False  1306.145647
303       2.2750   13.0           0.0   -0.047054   False   475.154684
304       2.6375   13.0           0.0    0.018646   False   445.468366
305       3.0000   13.0           0.0   -0.013502   False   410.382527
306       0.1000   14.0           0.0    0.000000   False  2031.853057
307       0.4625   14.0           0.0    0.000000   False  2031.361095
308       0.8250   14.0           0.0    0.000000   False  1996.216458
309       1.1875   14.0           0.0   -0.109658   False   374.723684
310       1.5500   14.0           0.0    0.000000   False  1399.737795
311       1.9125   14.0           0.0   -0.008071   False   170.404874
312       2.2750   14.0           0.0    0.033853   False   644.134667
313       2.6375   14.0           0.0    0.000000   False  1337.948822
314       3.0000   14.0           0.0   -0.014764   False    37.037807
315       0.1000   15.0           0.0    0.000000   False  1883.725625
316       0.4625   15.0           0.0    0.000000   False  1924.258819
317       0.8250   15.0           0.0    0.000000   False  2126.799759
318       1.1875   15.0           0.0   -0.094151   False   377.900025
319       1.5500   15.0           0.0    0.000000   False  1562.551026
320       1.9125   15.0           0.0   -0.064017   False   413.899896
321       2.2750   15.0           0.0   -0.023832   False   525.163349
322       2.6375   15.0           0.0    0.027293   False   247.546777
323       3.0000   15.0           0.0    0.006721   False   257.113279
324       0.1000   16.0           0.0   -0.002018   False    -4.336151
325       0.4625   16.0           0.0    0.000000   False  1427.859717
326       0.8250   16.0           0.0   -0.002004   False     4.370091
327       1.1875   16.0           0.0   -0.001611   False    -1.030011
328       1.5500   16.0           0.0   -0.001833   False    -3.939339
329       1.9125   16.0           0.0   -0.001480   False    -4.420056
330       2.2750   16.0           0.0   -0.001030   False    -4.195511
331       2.6375   16.0           0.0    0.012468   False   445.284371
332       3.0000   16.0           0.0   -0.034000   False    69.102707
333       0.1000   17.0           0.0   -0.002828   False     2.481480
334       0.4625   17.0           0.0   -0.001935   False     1.148830
335       0.8250   17.0           0.0   -0.002471   False     0.009523
336       1.1875   17.0           0.0   -0.002047   False    -3.235397
337       1.5500   17.0           0.0   -0.001492   False    -6.205571
338       1.9125   17.0           0.0   -0.001346   False    -8.256914
339       2.2750   17.0           0.0   -0.000862   False   -11.647321
340       2.6375   17.0           0.0   -0.001373   False    -8.101376
341       3.0000   17.0           0.0   -0.001132   False   -10.578879
342       0.1000   18.0           0.0   -0.002633   False    -0.230463
343       0.4625   18.0           0.0   -0.002452   False    -0.383148
344       0.8250   18.0           0.0   -0.001970   False    -2.766988
345       1.1875   18.0           0.0   -0.001628   False    -6.826975
346       1.5500   18.0           0.0   -0.001879   False    -6.233230
347       1.9125   18.0           0.0   -0.001614   False    -7.407833
348       2.2750   18.0           0.0   -0.001787   False    -9.082828
349       2.6375   18.0           0.0   -0.001737   False   -11.536025
350       3.0000   18.0           0.0   -0.001467   False   -11.869059
351       0.1000   19.0           0.0   -0.002834   False     0.685742
352       0.4625   19.0           0.0   -0.002312   False    -5.281873
353       0.8250   19.0           0.0   -0.001738   False    -7.541875
354       1.1875   19.0           0.0   -0.002307   False    -7.476063
355       1.5500   19.0           0.0   -0.002009   False    -8.695806
356       1.9125   19.0           0.0   -0.001788   False    -9.102912
357       2.2750   19.0           0.0   -0.001237   False   -10.474220
358       2.6375   19.0           0.0   -0.001797   False   -10.536346
359       3.0000   19.0           0.0   -0.001757   False    -7.961777
360       0.1000   20.0           0.0   -0.002360   False    -5.277645
361       0.4625   20.0           0.0   -0.002292   False    -2.559320
362       0.8250   20.0           0.0   -0.002266   False    -6.659316
363       1.1875   20.0           0.0   -0.001999   False    -6.735647
364       1.5500   20.0           0.0   -0.002153   False    -7.842347
365       1.9125   20.0           0.0   -0.001973   False    -7.896823
366       2.2750   20.0           0.0   -0.001737   False    -8.829040
367       2.6375   20.0           0.0   -0.001518   False   -10.354093
368       3.0000   20.0           0.0   -0.002306   False   -11.204346