Failed attempts: 639
Total attempts: 410
Success rate: -0.5585365853658537
Max speed: 1.8528856963726394
Demo cases: 
     Speed Value  Angle  Ground Noise Mean Speed Success       Reward
0       0.100000  -20.0         0.001          0   False   -11.168956
1       0.422222  -20.0         0.001          0   False   -17.033056
2       0.744444  -20.0         0.001          0   False   -19.052813
3       1.066667  -20.0         0.001          0   False   -25.265063
4       1.388889  -20.0         0.001          0   False   -23.287386
5       1.711111  -20.0         0.001          0   False   -26.276001
6       2.033333  -20.0         0.001          0   False   -26.753784
7       2.355556  -20.0         0.001          0   False   -30.151778
8       2.677778  -20.0         0.001          0   False   -25.255119
9       3.000000  -20.0         0.001          0   False   -30.399877
10      0.100000  -19.0         0.001          0   False   -14.916486
11      0.422222  -19.0         0.001          0   False   -16.280755
12      0.744444  -19.0         0.001          0   False   -21.579660
13      1.066667  -19.0         0.001          0   False   -24.474594
14      1.388889  -19.0         0.001          0   False   -23.192934
15      1.711111  -19.0         0.001          0   False   -29.005916
16      2.033333  -19.0         0.001          0   False   -26.553272
17      2.355556  -19.0         0.001          0   False   -32.195905
18      2.677778  -19.0         0.001          0   False   -20.655278
19      3.000000  -19.0         0.001          0   False   -30.368348
20      0.100000  -18.0         0.001          0   False   -13.503841
21      0.422222  -18.0         0.001          0   False   -17.017824
22      0.744444  -18.0         0.001          0   False  2631.451796
23      1.066667  -18.0         0.001          0   False   662.393123
24      1.388889  -18.0         0.001          0   False   724.698661
25      1.711111  -18.0         0.001          0   False   -28.846764
26      2.033333  -18.0         0.001          0   False   -25.582099
27      2.355556  -18.0         0.001   1.818796    True  1853.431305
28      2.677778  -18.0         0.001   1.718032    True  1739.643211
29      3.000000  -18.0         0.001          0   False   -27.351240
30      0.100000  -17.0         0.001          0   False  2564.892504
31      0.422222  -17.0         0.001          0   False   369.546282
32      0.744444  -17.0         0.001          0   False  1948.120059
33      1.066667  -17.0         0.001   1.780263    True  2067.168623
34      1.388889  -17.0         0.001          0   False   439.314878
35      1.711111  -17.0         0.001          0   False   504.302535
36      2.033333  -17.0         0.001   1.451598    True  1772.343993
37      2.355556  -17.0         0.001   1.699621    True  1789.214162
38      2.677778  -17.0         0.001          0   False    12.315339
39      3.000000  -17.0         0.001          0   False   284.493675
40      0.100000  -16.0         0.001          0   False  2223.153869
41      0.422222  -16.0         0.001          0   False   483.030729
42      0.744444  -16.0         0.001          0   False  2099.422866
43      1.066667  -16.0         0.001          0   False   634.615185
44      1.388889  -16.0         0.001   1.263528   False  1533.685592
45      1.711111  -16.0         0.001          0   False   694.080834
46      2.033333  -16.0         0.001          0   False   134.308623
47      2.355556  -16.0         0.001          0   False    97.230462
48      2.677778  -16.0         0.001   1.624812    True  1714.469017
49      3.000000  -16.0         0.001          0   False    74.497286
50      0.100000  -15.0         0.001          0   False  2119.089035
51      0.422222  -15.0         0.001          0   False  1909.642155
52      0.744444  -15.0         0.001          0   False  2441.617138
53      1.066667  -15.0         0.001          0   False  2301.290996
54      1.388889  -15.0         0.001          0   False  2385.682759
55      1.711111  -15.0         0.001          0   False   143.131283
56      2.033333  -15.0         0.001          0   False   612.355883
57      2.355556  -15.0         0.001   1.852886   False  1178.824948
58      2.677778  -15.0         0.001          0   False    -8.237331
59      3.000000  -15.0         0.001          0   False    -6.614137
60      0.100000  -14.0         0.001          0   False  2160.624491
61      0.422222  -14.0         0.001          0   False  2393.502047
62      0.744444  -14.0         0.001          0   False  2597.963434
63      1.066667  -14.0         0.001          0   False   700.270750
64      1.388889  -14.0         0.001          0   False  2451.504512
65      1.711111  -14.0         0.001          0   False   993.816447
66      2.033333  -14.0         0.001          0   False   337.151084
67      2.355556  -14.0         0.001          0   False  1997.508601
68      2.677778  -14.0         0.001   1.312692    True  1774.315557
69      3.000000  -14.0         0.001          0   False   521.284050
70      0.100000  -13.0         0.001          0   False  2199.918234
71      0.422222  -13.0         0.001          0   False  1874.203855
72      0.744444  -13.0         0.001          0   False  2532.936288
73      1.066667  -13.0         0.001          0   False  2190.032065
74      1.388889  -13.0         0.001          0   False  1252.769121
75      1.711111  -13.0         0.001          0   False   484.957784
76      2.033333  -13.0         0.001          0   False   551.449399
77      2.355556  -13.0         0.001          0   False   554.135005
78      2.677778  -13.0         0.001          0   False   127.974229
79      3.000000  -13.0         0.001          0   False   434.001756
80      0.100000  -12.0         0.001          0   False  2540.956678
81      0.422222  -12.0         0.001          0   False  2161.016259
82      0.744444  -12.0         0.001          0   False  2673.975697
83      1.066667  -12.0         0.001          0   False   158.234503
84      1.388889  -12.0         0.001          0   False  2474.847975
85      1.711111  -12.0         0.001   1.091078   False  1627.171379
86      2.033333  -12.0         0.001    1.06283    True  1823.462832
87      2.355556  -12.0         0.001          0   False   178.883472
88      2.677778  -12.0         0.001          0   False   365.355504
89      3.000000  -12.0         0.001          0   False  1368.201019
90      0.100000  -11.0         0.001          0   False  2544.623676
91      0.422222  -11.0         0.001          0   False  2270.281893
92      0.744444  -11.0         0.001          0   False  2603.119069
93      1.066667  -11.0         0.001          0   False  2600.975093
94      1.388889  -11.0         0.001          0   False  2580.776539
95      1.711111  -11.0         0.001          0   False  2299.291528
96      2.033333  -11.0         0.001          0   False  1960.220350
97      2.355556  -11.0         0.001          0   False   702.743222
98      2.677778  -11.0         0.001          0   False   576.640106
99      3.000000  -11.0         0.001          0   False    62.613030
100     0.100000  -10.0         0.001          0   False  1991.151556
101     0.422222  -10.0         0.001          0   False  2611.909508
102     0.744444  -10.0         0.001          0   False  2669.987341
103     1.066667  -10.0         0.001          0   False  2142.579330
104     1.388889  -10.0         0.001          0   False  2527.911451
105     1.711111  -10.0         0.001          0   False  2456.668647
106     2.033333  -10.0         0.001          0   False  2429.344732
107     2.355556  -10.0         0.001          0   False   515.027708
108     2.677778  -10.0         0.001          0   False   677.939357
109     3.000000  -10.0         0.001          0   False   109.961536
110     0.100000   -9.0         0.001          0   False  2080.631004
111     0.422222   -9.0         0.001          0   False  2420.141552
112     0.744444   -9.0         0.001          0   False  2357.358767
113     1.066667   -9.0         0.001          0   False  2317.910764
114     1.388889   -9.0         0.001          0   False  1048.103630
115     1.711111   -9.0         0.001          0   False  2564.364946
116     2.033333   -9.0         0.001          0   False  1686.745685
117     2.355556   -9.0         0.001          0   False  2366.075144
118     2.677778   -9.0         0.001          0   False  2388.465401
119     3.000000   -9.0         0.001          0   False   297.154268
120     0.100000   -8.0         0.001          0   False  2428.529745
121     0.422222   -8.0         0.001          0   False  2240.796016
122     0.744444   -8.0         0.001          0   False  2622.122950
123     1.066667   -8.0         0.001          0   False  1669.263335
124     1.388889   -8.0         0.001          0   False  2488.776162
125     1.711111   -8.0         0.001          0   False  2458.992763
126     2.033333   -8.0         0.001          0   False  2491.883189
127     2.355556   -8.0         0.001          0   False  1516.665256
128     2.677778   -8.0         0.001          0   False  1118.170973
129     3.000000   -8.0         0.001          0   False  1967.359022
130     0.100000   -7.0         0.001          0   False  2363.800037
131     0.422222   -7.0         0.001          0   False  2564.192401
132     0.744444   -7.0         0.001          0   False  2608.895847
133     1.066667   -7.0         0.001          0   False  2369.028193
134     1.388889   -7.0         0.001          0   False  2552.676571
135     1.711111   -7.0         0.001          0   False  2058.480215
136     2.033333   -7.0         0.001          0   False  1732.891133
137     2.355556   -7.0         0.001          0   False  2424.690745
138     2.677778   -7.0         0.001          0   False   510.735836
139     3.000000   -7.0         0.001          0   False   557.400573
140     0.100000   -6.0         0.001          0   False  2503.755203
141     0.422222   -6.0         0.001          0   False  2231.895208
142     0.744444   -6.0         0.001          0   False  2551.978265
143     1.066667   -6.0         0.001          0   False  2352.712943
144     1.388889   -6.0         0.001          0   False  2468.435480
145     1.711111   -6.0         0.001          0   False  2482.103146
146     2.033333   -6.0         0.001          0   False  1855.106689
147     2.355556   -6.0         0.001          0   False  1952.389865
148     2.677778   -6.0         0.001          0   False  2108.001661
149     3.000000   -6.0         0.001          0   False   969.501987
150     0.100000   -5.0         0.001          0   False  2616.430811
151     0.422222   -5.0         0.001          0   False  2418.044674
152     0.744444   -5.0         0.001          0   False  2599.635767
153     1.066667   -5.0         0.001          0   False  2409.978399
154     1.388889   -5.0         0.001          0   False  1510.012348
155     1.711111   -5.0         0.001          0   False  2459.465909
156     2.033333   -5.0         0.001          0   False  1792.421231
157     2.355556   -5.0         0.001          0   False  1171.177266
158     2.677778   -5.0         0.001          0   False  1994.109427
159     3.000000   -5.0         0.001          0   False   993.501656
160     0.100000   -4.0         0.001          0   False  2389.299792
161     0.422222   -4.0         0.001          0   False  2176.852500
162     0.744444   -4.0         0.001          0   False  2584.694300
163     1.066667   -4.0         0.001          0   False  2593.972711
164     1.388889   -4.0         0.001          0   False  2364.594185
165     1.711111   -4.0         0.001          0   False   518.983626
166     2.033333   -4.0         0.001          0   False  2332.200976
167     2.355556   -4.0         0.001          0   False  2185.764380
168     2.677778   -4.0         0.001          0   False  1295.466482
169     3.000000   -4.0         0.001          0   False  1228.113803
170     0.100000   -3.0         0.001          0   False  2573.823371
171     0.422222   -3.0         0.001          0   False  2550.911771
172     0.744444   -3.0         0.001          0   False  2610.043057
173     1.066667   -3.0         0.001          0   False  2486.263152
174     1.388889   -3.0         0.001          0   False  2392.916578
175     1.711111   -3.0         0.001          0   False  2233.846658
176     2.033333   -3.0         0.001          0   False  2417.338428
177     2.355556   -3.0         0.001          0   False  1205.101546
178     2.677778   -3.0         0.001          0   False  1190.110090
179     3.000000   -3.0         0.001          0   False   139.051015
180     0.100000   -2.0         0.001          0   False  2608.153389
181     0.422222   -2.0         0.001          0   False  2396.718741
182     0.744444   -2.0         0.001          0   False  2595.120108
183     1.066667   -2.0         0.001          0   False  2488.575399
184     1.388889   -2.0         0.001          0   False  2520.157969
185     1.711111   -2.0         0.001          0   False  2480.543073
186     2.033333   -2.0         0.001          0   False  2533.778698
187     2.355556   -2.0         0.001          0   False  2141.756798
188     2.677778   -2.0         0.001          0   False   363.681463
189     3.000000   -2.0         0.001          0   False   326.416317
190     0.100000   -1.0         0.001          0   False  2523.795952
191     0.422222   -1.0         0.001          0   False  2441.184034
192     0.744444   -1.0         0.001          0   False  2561.966561
193     1.066667   -1.0         0.001          0   False  2438.358774
194     1.388889   -1.0         0.001          0   False  2337.263401
195     1.711111   -1.0         0.001          0   False  2344.296423
196     2.033333   -1.0         0.001          0   False  2350.361302
197     2.355556   -1.0         0.001          0   False  1819.118098
198     2.677778   -1.0         0.001          0   False   563.811454
199     3.000000   -1.0         0.001          0   False  1193.652503
200     0.100000    0.0         0.001          0   False  2566.862757
201     0.422222    0.0         0.001          0   False  2476.197979
202     0.744444    0.0         0.001          0   False  2496.510032
203     1.066667    0.0         0.001          0   False  2148.474183
204     1.388889    0.0         0.001          0   False  2242.657024
205     1.711111    0.0         0.001          0   False  2372.015084
206     2.033333    0.0         0.001          0   False  2306.165543
207     2.355556    0.0         0.001          0   False  2091.390885
208     2.677778    0.0         0.001          0   False   171.552708
209     3.000000    0.0         0.001          0   False   599.067537
210     0.100000    1.0         0.001          0   False  2522.159883
211     0.422222    1.0         0.001          0   False  2494.955447
212     0.744444    1.0         0.001          0   False  2552.994901
213     1.066667    1.0         0.001          0   False  2295.993560
214     1.388889    1.0         0.001          0   False  2506.299924
215     1.711111    1.0         0.001          0   False  2447.860193
216     2.033333    1.0         0.001          0   False  2396.633171
217     2.355556    1.0         0.001          0   False  1497.513738
218     2.677778    1.0         0.001          0   False   894.252336
219     3.000000    1.0         0.001          0   False  1289.766494
220     0.100000    2.0         0.001          0   False  2486.146816
221     0.422222    2.0         0.001          0   False  1889.926865
222     0.744444    2.0         0.001          0   False  2553.241273
223     1.066667    2.0         0.001          0   False  1978.768093
224     1.388889    2.0         0.001          0   False  2395.122826
225     1.711111    2.0         0.001          0   False  2296.174128
226     2.033333    2.0         0.001          0   False  2203.330391
227     2.355556    2.0         0.001          0   False  2222.792897
228     2.677778    2.0         0.001          0   False   861.326907
229     3.000000    2.0         0.001          0   False  1230.723902
230     0.100000    3.0         0.001          0   False  2455.395003
231     0.422222    3.0         0.001          0   False  1830.666942
232     0.744444    3.0         0.001          0   False  2403.549712
233     1.066667    3.0         0.001          0   False  2406.352527
234     1.388889    3.0         0.001          0   False  2377.044833
235     1.711111    3.0         0.001          0   False  2276.918284
236     2.033333    3.0         0.001          0   False  2198.618983
237     2.355556    3.0         0.001          0   False  1944.893536
238     2.677778    3.0         0.001          0   False   233.922610
239     3.000000    3.0         0.001          0   False   767.055231
240     0.100000    4.0         0.001          0   False  2466.408822
241     0.422222    4.0         0.001          0   False  1983.810803
242     0.744444    4.0         0.001          0   False  2475.684320
243     1.066667    4.0         0.001          0   False  2138.840105
244     1.388889    4.0         0.001          0   False  2287.904171
245     1.711111    4.0         0.001          0   False  2234.862318
246     2.033333    4.0         0.001          0   False  2223.399823
247     2.355556    4.0         0.001          0   False  2197.339091
248     2.677778    4.0         0.001          0   False  2025.484812
249     3.000000    4.0         0.001          0   False  1520.493527
250     0.100000    5.0         0.001          0   False  2408.829621
251     0.422222    5.0         0.001          0   False  2451.555839
252     0.744444    5.0         0.001          0   False  2399.492853
253     1.066667    5.0         0.001          0   False   484.900393
254     1.388889    5.0         0.001          0   False  2310.921453
255     1.711111    5.0         0.001          0   False  2123.564879
256     2.033333    5.0         0.001          0   False  2149.877292
257     2.355556    5.0         0.001          0   False  2126.286679
258     2.677778    5.0         0.001          0   False  1428.733678
259     3.000000    5.0         0.001          0   False   986.581541
260     0.100000    6.0         0.001          0   False  2342.866038
261     0.422222    6.0         0.001          0   False  2368.308533
262     0.744444    6.0         0.001          0   False  2557.908143
263     1.066667    6.0         0.001          0   False  1878.211010
264     1.388889    6.0         0.001          0   False  2339.044027
265     1.711111    6.0         0.001          0   False  1922.761499
266     2.033333    6.0         0.001          0   False  2061.540080
267     2.355556    6.0         0.001          0   False   992.513887
268     2.677778    6.0         0.001          0   False   346.440913
269     3.000000    6.0         0.001          0   False   555.222714
270     0.100000    7.0         0.001          0   False  2326.421945
271     0.422222    7.0         0.001          0   False  1760.551513
272     0.744444    7.0         0.001          0   False  2303.889706
273     1.066667    7.0         0.001          0   False  1750.714460
274     1.388889    7.0         0.001          0   False  2208.144811
275     1.711111    7.0         0.001          0   False  1624.781468
276     2.033333    7.0         0.001          0   False  2055.713987
277     2.355556    7.0         0.001          0   False  1297.951417
278     2.677778    7.0         0.001          0   False  1194.433731
279     3.000000    7.0         0.001          0   False  1844.762424
280     0.100000    8.0         0.001          0   False  2400.333177
281     0.422222    8.0         0.001          0   False  1569.477298
282     0.744444    8.0         0.001          0   False  2250.187605
283     1.066667    8.0         0.001          0   False  2148.939655
284     1.388889    8.0         0.001          0   False  1837.140757
285     1.711111    8.0         0.001          0   False  2061.095641
286     2.033333    8.0         0.001          0   False  2071.036735
287     2.355556    8.0         0.001          0   False  1463.140679
288     2.677778    8.0         0.001          0   False   556.320033
289     3.000000    8.0         0.001          0   False   983.488357
290     0.100000    9.0         0.001          0   False  2397.223215
291     0.422222    9.0         0.001          0   False  2161.804602
292     0.744444    9.0         0.001          0   False  2163.322482
293     1.066667    9.0         0.001          0   False  2089.187324
294     1.388889    9.0         0.001          0   False  2186.796037
295     1.711111    9.0         0.001          0   False  2063.363762
296     2.033333    9.0         0.001          0   False  2053.707988
297     2.355556    9.0         0.001          0   False  1080.648178
298     2.677778    9.0         0.001          0   False   188.994304
299     3.000000    9.0         0.001          0   False   192.886345
300     0.100000   10.0         0.001          0   False  2126.192362
301     0.422222   10.0         0.001          0   False  1931.763297
302     0.744444   10.0         0.001          0   False  1889.907032
303     1.066667   10.0         0.001          0   False  1294.574325
304     1.388889   10.0         0.001          0   False  1719.291433
305     1.711111   10.0         0.001          0   False  2057.583532
306     2.033333   10.0         0.001          0   False  2243.433143
307     2.355556   10.0         0.001          0   False  2021.048687
308     2.677778   10.0         0.001          0   False   -96.411315
309     3.000000   10.0         0.001          0   False   217.661024
310     0.100000   11.0         0.001          0   False  1738.069500
311     0.422222   11.0         0.001          0   False  1348.312016
312     0.744444   11.0         0.001          0   False  1864.095982
313     1.066667   11.0         0.001          0   False  1750.729196
314     1.388889   11.0         0.001          0   False  1687.228734
315     1.711111   11.0         0.001          0   False  1662.248749
316     2.033333   11.0         0.001          0   False  1885.268075
317     2.355556   11.0         0.001          0   False  2030.142239
318     2.677778   11.0         0.001          0   False  1309.584167
319     3.000000   11.0         0.001          0   False   266.557662
320     0.100000   12.0         0.001          0   False  1882.364788
321     0.422222   12.0         0.001          0   False  1702.090042
322     0.744444   12.0         0.001          0   False  1955.809820
323     1.066667   12.0         0.001          0   False  1189.228868
324     1.388889   12.0         0.001          0   False  1538.911991
325     1.711111   12.0         0.001          0   False  1577.188277
326     2.033333   12.0         0.001          0   False  1807.186918
327     2.355556   12.0         0.001          0   False  1416.407133
328     2.677778   12.0         0.001          0   False  1136.371514
329     3.000000   12.0         0.001          0   False  1393.581336
330     0.100000   13.0         0.001          0   False  1377.223884
331     0.422222   13.0         0.001          0   False  1650.176000
332     0.744444   13.0         0.001          0   False  1747.199994
333     1.066667   13.0         0.001          0   False  1202.186210
334     1.388889   13.0         0.001          0   False  1307.169732
335     1.711111   13.0         0.001          0   False  1421.134574
336     2.033333   13.0         0.001          0   False  1639.065997
337     2.355556   13.0         0.001          0   False  1371.879964
338     2.677778   13.0         0.001          0   False   551.765176
339     3.000000   13.0         0.001          0   False  -156.734267
340     0.100000   14.0         0.001          0   False  1665.033936
341     0.422222   14.0         0.001          0   False  1249.161693
342     0.744444   14.0         0.001          0   False  1680.066650
343     1.066667   14.0         0.001          0   False  1060.805069
344     1.388889   14.0         0.001          0   False  1118.044241
345     1.711111   14.0         0.001          0   False  1476.097636
346     2.033333   14.0         0.001          0   False  1628.885037
347     2.355556   14.0         0.001          0   False  1777.913709
348     2.677778   14.0         0.001          0   False   155.721772
349     3.000000   14.0         0.001          0   False   -25.155904
350     0.100000   15.0         0.001          0   False  1361.193348
351     0.422222   15.0         0.001          0   False  1194.019894
352     0.744444   15.0         0.001          0   False  1594.126812
353     1.066667   15.0         0.001          0   False   385.445713
354     1.388889   15.0         0.001          0   False  1977.689772
355     1.711111   15.0         0.001          0   False  1343.664474
356     2.033333   15.0         0.001          0   False  1673.908152
357     2.355556   15.0         0.001          0   False  1241.243017
358     2.677778   15.0         0.001          0   False   357.011406
359     3.000000   15.0         0.001          0   False   428.074069
360     0.100000   16.0         0.001          0   False   -12.323731
361     0.422222   16.0         0.001          0   False  1227.182404
362     0.744444   16.0         0.001          0   False   -11.955162
363     1.066667   16.0         0.001          0   False  1438.730518
364     1.388889   16.0         0.001          0   False   -19.905489
365     1.711111   16.0         0.001          0   False  1437.379440
366     2.033333   16.0         0.001          0   False   -18.812590
367     2.355556   16.0         0.001          0   False   916.199477
368     2.677778   16.0         0.001          0   False   607.849974
369     3.000000   16.0         0.001          0   False    60.696369
370     0.100000   17.0         0.001          0   False    -8.438678
371     0.422222   17.0         0.001          0   False   -11.100602
372     0.744444   17.0         0.001          0   False  1214.605663
373     1.066667   17.0         0.001          0   False   -17.115799
374     1.388889   17.0         0.001          0   False   -23.133979
375     1.711111   17.0         0.001          0   False   -29.170716
376     2.033333   17.0         0.001          0   False   -23.884042
377     2.355556   17.0         0.001          0   False   -22.668416
378     2.677778   17.0         0.001          0   False   -23.143107
379     3.000000   17.0         0.001          0   False   -13.415961
380     0.100000   18.0         0.001          0   False   -14.419940
381     0.422222   18.0         0.001          0   False   -12.340864
382     0.744444   18.0         0.001          0   False   -23.030634
383     1.066667   18.0         0.001          0   False   -20.939785
384     1.388889   18.0         0.001          0   False   -16.899960
385     1.711111   18.0         0.001          0   False   -21.904536
386     2.033333   18.0         0.001          0   False   -21.447593
387     2.355556   18.0         0.001          0   False   -19.979940
388     2.677778   18.0         0.001          0   False   -30.944058
389     3.000000   18.0         0.001          0   False   -15.085664
390     0.100000   19.0         0.001          0   False   -15.814813
391     0.422222   19.0         0.001          0   False   -15.947794
392     0.744444   19.0         0.001          0   False   -12.301015
393     1.066667   19.0         0.001          0   False   -21.791495
394     1.388889   19.0         0.001          0   False   -25.490871
395     1.711111   19.0         0.001          0   False   -24.565764
396     2.033333   19.0         0.001          0   False   -21.755161
397     2.355556   19.0         0.001          0   False   -21.235521
398     2.677778   19.0         0.001          0   False   -30.952258
399     3.000000   19.0         0.001          0   False   -15.477832
400     0.100000   20.0         0.001          0   False   -15.985831
401     0.422222   20.0         0.001          0   False   -19.121294
402     0.744444   20.0         0.001          0   False   -16.284476
403     1.066667   20.0         0.001          0   False   -20.977244
404     1.388889   20.0         0.001          0   False   -22.332121
405     1.711111   20.0         0.001          0   False   -23.785576
406     2.033333   20.0         0.001          0   False   -31.673643
407     2.355556   20.0         0.001          0   False   -24.816168
408     2.677778   20.0         0.001          0   False   -29.190026
409     3.000000   20.0         0.001          0   False   -27.195862