Failed attempts: 492
Total attempts: 492
Success rate: 0.0
Max speed: 0
Demo cases: 
     Speed Value  Angle  Ground Noise  Mean Speed Success       Reward
0           0.25  -20.0           0.0    0.011564   False   -17.484540
1           0.50  -20.0           0.0    0.007517   False   -19.164114
2           0.75  -20.0           0.0    0.010817   False   -17.168412
3           1.00  -20.0           0.0    0.008446   False   -17.753354
4           1.25  -20.0           0.0    0.014985   False   -19.514980
5           1.50  -20.0           0.0    0.005108   False   -17.338398
6           1.75  -20.0           0.0    0.012577   False   -17.092992
7           2.00  -20.0           0.0    0.006802   False   -17.520063
8           2.25  -20.0           0.0    0.005955   False   -18.974619
9           2.50  -20.0           0.0    0.008010   False   -18.023642
10          2.75  -20.0           0.0    0.006452   False   -19.420931
11          3.00  -20.0           0.0    0.013531   False   -20.293148
12          0.25  -19.0           0.0    0.010574   False   -19.548235
13          0.50  -19.0           0.0    0.006396   False   -19.506092
14          0.75  -19.0           0.0    0.008170   False   -17.554211
15          1.00  -19.0           0.0    0.010577   False   -19.682608
16          1.25  -19.0           0.0    0.009484   False   -18.775856
17          1.50  -19.0           0.0    0.012601   False   -19.309468
18          1.75  -19.0           0.0    0.008334   False   -17.611071
19          2.00  -19.0           0.0    0.010725   False   -18.545604
20          2.25  -19.0           0.0    0.010489   False   -19.093721
21          2.50  -19.0           0.0    0.011146   False   -19.749609
22          2.75  -19.0           0.0    0.012141   False   -22.123334
23          3.00  -19.0           0.0    0.013328   False   -20.819787
24          0.25  -18.0           0.0    0.010357   False   -16.997177
25          0.50  -18.0           0.0    0.008199   False   -17.563182
26          0.75  -18.0           0.0    0.007531   False   -17.102897
27          1.00  -18.0           0.0    0.009340   False   -19.344238
28          1.25  -18.0           0.0    0.012668   False   -18.455397
29          1.50  -18.0           0.0    0.007108   False   -17.713316
30          1.75  -18.0           0.0    0.012720   False   -19.711960
31          2.00  -18.0           0.0    0.008462   False   -19.422483
32          2.25  -18.0           0.0    0.010013   False   -20.479746
33          2.50  -18.0           0.0    0.013746   False   -18.678525
34          2.75  -18.0           0.0    0.012934   False   -18.157338
35          3.00  -18.0           0.0    0.011805   False   -17.906194
36          0.25  -17.0           0.0    0.011598   False   -17.901276
37          0.50  -17.0           0.0    0.009213   False   -20.172008
38          0.75  -17.0           0.0    0.010346   False   -21.073631
39          1.00  -17.0           0.0    0.013642   False   -19.694713
40          1.25  -17.0           0.0    0.014414   False   -19.391177
41          1.50  -17.0           0.0    0.011393   False   -17.470811
42          1.75  -17.0           0.0    0.010881   False   -20.334135
43          2.00  -17.0           0.0    0.010687   False   -18.518803
44          2.25  -17.0           0.0    0.008667   False   -21.807420
45          2.50  -17.0           0.0    0.010781   False   -21.189530
46          2.75  -17.0           0.0    0.025043   False   -20.548480
47          3.00  -17.0           0.0    0.012061   False   -18.945066
48          0.25  -16.0           0.0    0.009749   False   -17.642973
49          0.50  -16.0           0.0    0.012544   False   -20.796868
50          0.75  -16.0           0.0    0.016484   False   -21.128856
51          1.00  -16.0           0.0    1.127768   False   430.999680
52          1.25  -16.0           0.0    0.012240   False   -19.338532
53          1.50  -16.0           0.0    0.021056   False   -20.408314
54          1.75  -16.0           0.0    0.016644   False   -18.693119
55          2.00  -16.0           0.0    0.012837   False   -20.046553
56          2.25  -16.0           0.0    0.010138   False   -18.103183
57          2.50  -16.0           0.0    0.025246   False   -18.274459
58          2.75  -16.0           0.0    0.011900   False   -21.557328
59          3.00  -16.0           0.0    0.388753   False    97.439328
60          0.25  -15.0           0.0    0.008572   False   -20.070050
61          0.50  -15.0           0.0    1.263889   False   464.105907
62          0.75  -15.0           0.0    0.012438   False   -18.776097
63          1.00  -15.0           0.0    5.570686   False  2427.493007
64          1.25  -15.0           0.0    0.016237   False   -19.730626
65          1.50  -15.0           0.0    0.012224   False   -16.554618
66          1.75  -15.0           0.0    0.014471   False   -19.776097
67          2.00  -15.0           0.0    0.017391   False   -21.782718
68          2.25  -15.0           0.0    0.013544   False   -18.695287
69          2.50  -15.0           0.0    0.008783   False   -20.666978
70          2.75  -15.0           0.0    3.411802   False  1345.983476
71          3.00  -15.0           0.0    1.249335   False   474.120532
72          0.25  -14.0           0.0    0.015448   False   -17.653519
73          0.50  -14.0           0.0    0.017408   False   -17.839338
74          0.75  -14.0           0.0    4.982070   False  2154.210251
75          1.00  -14.0           0.0    0.026993   False   -17.434039
76          1.25  -14.0           0.0    1.388649   False   522.127120
77          1.50  -14.0           0.0    0.014622   False   -18.038877
78          1.75  -14.0           0.0    0.013380   False   -20.650565
79          2.00  -14.0           0.0    0.013959   False   -15.698793
80          2.25  -14.0           0.0    0.010515   False   -19.089584
81          2.50  -14.0           0.0    0.021583   False   -21.884277
82          2.75  -14.0           0.0    2.295737   False   938.531919
83          3.00  -14.0           0.0    0.019714   False   -22.506808
84          0.25  -13.0           0.0    0.019465   False   -18.158509
85          0.50  -13.0           0.0    0.019094   False   -18.294830
86          0.75  -13.0           0.0    0.010349   False   -18.624862
87          1.00  -13.0           0.0    0.030924   False   -16.875785
88          1.25  -13.0           0.0    0.024060   False   -17.887661
89          1.50  -13.0           0.0    0.016472   False   -19.173178
90          1.75  -13.0           0.0    0.014208   False   -18.966841
91          2.00  -13.0           0.0    3.703557   False  1519.276575
92          2.25  -13.0           0.0    0.018342   False   -21.034191
93          2.50  -13.0           0.0    2.063116   False   844.091921
94          2.75  -13.0           0.0    0.018882   False   -24.509580
95          3.00  -13.0           0.0    0.023843   False   -23.133158
96          0.25  -12.0           0.0    0.000000   False  3488.739224
97          0.50  -12.0           0.0    0.000000   False  3530.155285
98          0.75  -12.0           0.0    0.015643   False   -21.868995
99          1.00  -12.0           0.0    2.363775   False   964.521928
100         1.25  -12.0           0.0    0.028893   False   -14.601899
101         1.50  -12.0           0.0    0.036364   False   -18.130170
102         1.75  -12.0           0.0    0.393484   False   117.591164
103         2.00  -12.0           0.0    0.009956   False   -21.977482
104         2.25  -12.0           0.0    1.040719   False   376.907765
105         2.50  -12.0           0.0    0.022976   False   -20.423404
106         2.75  -12.0           0.0    0.581072   False   171.796994
107         3.00  -12.0           0.0    0.028588   False   -22.273784
108         0.25  -11.0           0.0    0.020437   False   -19.294911
109         0.50  -11.0           0.0    0.000000   False  3619.390760
110         0.75  -11.0           0.0    0.026903   False   -15.108459
111         1.00  -11.0           0.0    4.195477   False  1710.439948
112         1.25  -11.0           0.0    0.024706   False   -20.932224
113         1.50  -11.0           0.0    1.251855   False   491.394281
114         1.75  -11.0           0.0    7.159065   False  3066.718893
115         2.00  -11.0           0.0    0.208836   False    32.447848
116         2.25  -11.0           0.0    0.868895   False   304.116920
117         2.50  -11.0           0.0    0.039017   False   -22.965221
118         2.75  -11.0           0.0    0.015499   False   -23.458510
119         3.00  -11.0           0.0    0.240517   False    34.239697
120         0.25  -10.0           0.0    6.498746   False  2796.678939
121         0.50  -10.0           0.0    1.865325   False   748.988472
122         0.75  -10.0           0.0    0.019165   False   -16.075084
123         1.00  -10.0           0.0    0.000000   False  3643.808205
124         1.25  -10.0           0.0    5.782264   False  2424.486911
125         1.50  -10.0           0.0    4.754599   False  2008.360396
126         1.75  -10.0           0.0    2.319979   False   910.479974
127         2.00  -10.0           0.0    0.770351   False   247.281812
128         2.25  -10.0           0.0    0.373055   False    95.833240
129         2.50  -10.0           0.0    0.624935   False   191.811321
130         2.75  -10.0           0.0    3.121288   False  1302.945758
131         3.00  -10.0           0.0    1.048808   False   363.549475
132         0.25   -9.0           0.0    2.855941   False  1168.962744
133         0.50   -9.0           0.0    0.000000   False  3510.637365
134         0.75   -9.0           0.0    1.010751   False   372.137713
135         1.00   -9.0           0.0    3.337141   False  1378.550655
136         1.25   -9.0           0.0    0.842787   False   306.302678
137         1.50   -9.0           0.0    8.251368   False  3584.485085
138         1.75   -9.0           0.0    2.286598   False   936.926440
139         2.00   -9.0           0.0    0.027830   False   -17.193417
140         2.25   -9.0           0.0    0.469989   False   137.745006
141         2.50   -9.0           0.0    1.257933   False   450.997629
142         2.75   -9.0           0.0    3.931095   False  1636.704775
143         3.00   -9.0           0.0    0.300880   False    72.443565
144         0.25   -8.0           0.0    1.480504   False   595.728341
145         0.50   -8.0           0.0    0.000000   False  3309.032066
146         0.75   -8.0           0.0    1.949854   False   800.029372
147         1.00   -8.0           0.0    4.007737   False  1686.606365
148         1.25   -8.0           0.0    3.195860   False  1322.587530
149         1.50   -8.0           0.0    0.038477   False    -9.291941
150         1.75   -8.0           0.0    2.753060   False  1123.838763
151         2.00   -8.0           0.0    0.024887   False   -20.079206
152         2.25   -8.0           0.0    0.287330   False    72.137488
153         2.50   -8.0           0.0    0.273212   False    53.205510
154         2.75   -8.0           0.0    7.036252   False  2959.666240
155         3.00   -8.0           0.0    0.000000   False  3572.698105
156         0.25   -7.0           0.0    0.000000   False  3494.754750
157         0.50   -7.0           0.0    0.000000   False  3403.088115
158         0.75   -7.0           0.0    7.781980   False  3230.782751
159         1.00   -7.0           0.0    0.000000   False  3443.394038
160         1.25   -7.0           0.0    4.867851   False  2029.097725
161         1.50   -7.0           0.0    0.000000   False  3685.768101
162         1.75   -7.0           0.0    0.933178   False   341.050435
163         2.00   -7.0           0.0    0.037472   False   -17.980651
164         2.25   -7.0           0.0    0.415667   False   117.164407
165         2.50   -7.0           0.0    5.262914   False  2208.226824
166         2.75   -7.0           0.0    0.016726   False   -29.199499
167         3.00   -7.0           0.0    7.736639   False  3337.748948
168         0.25   -6.0           0.0    0.000000   False  3501.267026
169         0.50   -6.0           0.0    0.349053   False    95.818990
170         0.75   -6.0           0.0    3.667400   False  1507.338734
171         1.00   -6.0           0.0    0.913449   False   325.378698
172         1.25   -6.0           0.0    0.039372   False   -15.764624
173         1.50   -6.0           0.0    0.079436   False     5.406899
174         1.75   -6.0           0.0    3.847201   False  1618.012149
175         2.00   -6.0           0.0    0.311075   False    84.438541
176         2.25   -6.0           0.0    0.000000   False  3488.775848
177         2.50   -6.0           0.0    0.384092   False    97.570560
178         2.75   -6.0           0.0    3.467784   False  1446.178744
179         3.00   -6.0           0.0    0.000000   False  3276.554345
180         0.25   -5.0           0.0    0.818188   False   303.782513
181         0.50   -5.0           0.0    1.125732   False   403.576729
182         0.75   -5.0           0.0    0.000000   False  3467.703550
183         1.00   -5.0           0.0    0.547031   False   176.060472
184         1.25   -5.0           0.0    0.333766   False    88.494067
185         1.50   -5.0           0.0    2.305101   False   919.205514
186         1.75   -5.0           0.0    1.610366   False   634.896818
187         2.00   -5.0           0.0    5.025724   False  2058.837401
188         2.25   -5.0           0.0    0.030137   False   -11.392032
189         2.50   -5.0           0.0    0.000000   False  3620.668926
190         2.75   -5.0           0.0    0.036812   False   -20.451159
191         3.00   -5.0           0.0    0.310163   False    79.175178
192         0.25   -4.0           0.0    2.364427   False   981.774858
193         0.50   -4.0           0.0    0.000000   False  3215.606347
194         0.75   -4.0           0.0    0.000000   False  3481.259928
195         1.00   -4.0           0.0    8.137888   False  3467.970904
196         1.25   -4.0           0.0    0.826397   False   287.910484
197         1.50   -4.0           0.0    6.123963   False  2608.132168
198         1.75   -4.0           0.0    6.457448   False  2719.315829
199         2.00   -4.0           0.0    0.561161   False   165.273709
200         2.25   -4.0           0.0    0.000000   False  3509.164625
201         2.50   -4.0           0.0    0.000000   False  3428.369127
202         2.75   -4.0           0.0    5.733500   False  2506.107913
203         3.00   -4.0           0.0    0.000000   False  3128.523915
204         0.25   -3.0           0.0    2.709143   False  1078.719131
205         0.50   -3.0           0.0    3.537000   False  1469.723296
206         0.75   -3.0           0.0    0.971226   False   384.312338
207         1.00   -3.0           0.0    0.034342   False   -10.749186
208         1.25   -3.0           0.0    0.000000   False  3393.978312
209         1.50   -3.0           0.0    4.526116   False  1842.621439
210         1.75   -3.0           0.0    3.914508   False  1571.266111
211         2.00   -3.0           0.0    0.000000   False  3486.729225
212         2.25   -3.0           0.0    0.469732   False   126.231914
213         2.50   -3.0           0.0    0.026597   False   -22.971024
214         2.75   -3.0           0.0    5.605624   False  2301.811296
215         3.00   -3.0           0.0    0.045049   False    -7.989740
216         0.25   -2.0           0.0    0.000000   False  3408.013111
217         0.50   -2.0           0.0    2.340005   False   887.783325
218         0.75   -2.0           0.0    0.000000   False  3254.721956
219         1.00   -2.0           0.0    1.448803   False   574.913879
220         1.25   -2.0           0.0    2.320632   False   929.732252
221         1.50   -2.0           0.0    0.000000   False  3291.975133
222         1.75   -2.0           0.0    0.598159   False   203.402333
223         2.00   -2.0           0.0    3.266769   False  1307.941202
224         2.25   -2.0           0.0    0.466577   False   144.386866
225         2.50   -2.0           0.0    1.175589   False   427.572480
226         2.75   -2.0           0.0    0.022327   False   -26.710229
227         3.00   -2.0           0.0    0.010578   False   -21.735453
228         0.25   -1.0           0.0    1.710185   False   680.067511
229         0.50   -1.0           0.0    0.000000   False  3166.189039
230         0.75   -1.0           0.0    0.000000   False  3344.928045
231         1.00   -1.0           0.0    5.859568   False  2450.329608
232         1.25   -1.0           0.0    0.620266   False   202.487366
233         1.50   -1.0           0.0    0.000000   False  3217.773337
234         1.75   -1.0           0.0    0.556200   False   176.400957
235         2.00   -1.0           0.0    0.000000   False  3436.943364
236         2.25   -1.0           0.0    0.902714   False   344.142570
237         2.50   -1.0           0.0    2.838725   False  1157.411723
238         2.75   -1.0           0.0    0.018224   False   -24.042754
239         3.00   -1.0           0.0    0.001629   False   -26.431227
240         0.25    0.0           0.0    0.000000   False  3383.189750
241         0.50    0.0           0.0    0.000000   False  3244.253195
242         0.75    0.0           0.0    0.000000   False  3035.728605
243         1.00    0.0           0.0    1.380634   False   536.497807
244         1.25    0.0           0.0    3.057675   False  1241.151661
245         1.50    0.0           0.0    6.316562   False  2655.039969
246         1.75    0.0           0.0    0.000000   False  3253.393236
247         2.00    0.0           0.0    0.000000   False  3491.883497
248         2.25    0.0           0.0    1.174438   False   436.124278
249         2.50    0.0           0.0    0.000794   False   -25.009900
250         2.75    0.0           0.0    0.012225   False   -21.837856
251         3.00    0.0           0.0    0.028613   False   -18.456479
252         0.25    1.0           0.0    0.000000   False  3048.392650
253         0.50    1.0           0.0    6.309498   False  2639.993899
254         0.75    1.0           0.0    3.585603   False  1442.757989
255         1.00    1.0           0.0    5.295778   False  2214.258879
256         1.25    1.0           0.0    0.501168   False   144.821616
257         1.50    1.0           0.0    1.125032   False   422.700027
258         1.75    1.0           0.0    4.168914   False  1755.896367
259         2.00    1.0           0.0    1.910143   False   757.027483
260         2.25    1.0           0.0    0.000000   False  3226.758983
261         2.50    1.0           0.0    0.000000   False  3092.333668
262         2.75    1.0           0.0    2.749282   False  1138.281851
263         3.00    1.0           0.0    0.702397   False   210.527619
264         0.25    2.0           0.0    0.000000   False  2998.807574
265         0.50    2.0           0.0    0.000000   False  2985.314382
266         0.75    2.0           0.0    0.924849   False   331.276069
267         1.00    2.0           0.0    3.200406   False  1328.748984
268         1.25    2.0           0.0    1.524899   False   578.978838
269         1.50    2.0           0.0    1.230661   False   455.178424
270         1.75    2.0           0.0    0.000000   False  2785.926221
271         2.00    2.0           0.0    0.782897   False   304.382165
272         2.25    2.0           0.0    2.375756   False   932.560901
273         2.50    2.0           0.0    6.592137   False  2763.329021
274         2.75    2.0           0.0    3.007543   False  1199.508343
275         3.00    2.0           0.0    0.011384   False   -27.225068
276         0.25    3.0           0.0    0.773839   False   260.286945
277         0.50    3.0           0.0    0.000000   False  3096.782043
278         0.75    3.0           0.0    0.000000   False  3095.189079
279         1.00    3.0           0.0    0.045343   False   -15.017045
280         1.25    3.0           0.0    0.881789   False   311.045616
281         1.50    3.0           0.0    0.000000   False  3339.088195
282         1.75    3.0           0.0    1.066687   False   369.331600
283         2.00    3.0           0.0    6.511875   False  2728.654519
284         2.25    3.0           0.0    2.478702   False  1023.040804
285         2.50    3.0           0.0    3.306373   False  1343.340913
286         2.75    3.0           0.0    3.950963   False  1494.529380
287         3.00    3.0           0.0    0.400152   False    86.617780
288         0.25    4.0           0.0    0.000000   False  3323.377529
289         0.50    4.0           0.0    4.983288   False  2040.137828
290         0.75    4.0           0.0    0.000000   False  3148.355789
291         1.00    4.0           0.0    4.899893   False  1995.827629
292         1.25    4.0           0.0    2.742743   False  1094.151603
293         1.50    4.0           0.0    2.971985   False  1154.041746
294         1.75    4.0           0.0    0.000000   False  3066.334098
295         2.00    4.0           0.0    3.196499   False  1318.297607
296         2.25    4.0           0.0    4.644767   False  1911.493373
297         2.50    4.0           0.0    0.000000   False  2996.788008
298         2.75    4.0           0.0    0.000000   False  2548.952800
299         3.00    4.0           0.0    3.215923   False  1290.890768
300         0.25    5.0           0.0    0.000000   False  3059.201225
301         0.50    5.0           0.0    0.000000   False  2806.757516
302         0.75    5.0           0.0    0.000000   False  3046.092399
303         1.00    5.0           0.0    5.386012   False  2219.464202
304         1.25    5.0           0.0    2.104477   False   761.336568
305         1.50    5.0           0.0    0.000000   False  3038.221776
306         1.75    5.0           0.0    2.169599   False   831.814141
307         2.00    5.0           0.0    0.000000   False  3379.839016
308         2.25    5.0           0.0    3.124046   False  1253.408362
309         2.50    5.0           0.0    0.000000   False  2897.760180
310         2.75    5.0           0.0    0.002125   False   -24.166475
311         3.00    5.0           0.0    0.007861   False   -25.768413
312         0.25    6.0           0.0    0.000000   False  3065.371980
313         0.50    6.0           0.0    0.000000   False  2964.246400
314         0.75    6.0           0.0    1.118562   False   407.301170
315         1.00    6.0           0.0    0.000000   False  3176.617905
316         1.25    6.0           0.0    0.000000   False  2946.414165
317         1.50    6.0           0.0    0.000000   False  3112.340681
318         1.75    6.0           0.0    7.389614   False  3111.035660
319         2.00    6.0           0.0    3.110211   False  1248.365082
320         2.25    6.0           0.0    1.857133   False   737.100103
321         2.50    6.0           0.0    0.000000   False  2878.853676
322         2.75    6.0           0.0    0.000000   False  2945.366459
323         3.00    6.0           0.0    0.000000   False  2499.213102
324         0.25    7.0           0.0    4.430400   False  1806.011067
325         0.50    7.0           0.0    0.000000   False  3113.799128
326         0.75    7.0           0.0    0.000000   False  3173.138589
327         1.00    7.0           0.0    2.047413   False   800.685254
328         1.25    7.0           0.0    0.000000   False  3105.301471
329         1.50    7.0           0.0    0.000000   False  2823.985359
330         1.75    7.0           0.0    1.160231   False   416.751532
331         2.00    7.0           0.0    5.455408   False  2245.657417
332         2.25    7.0           0.0    2.089058   False   783.955021
333         2.50    7.0           0.0    5.714378   False  2345.271119
334         2.75    7.0           0.0    0.000000   False  2756.701090
335         3.00    7.0           0.0    0.004025   False   -25.961783
336         0.25    8.0           0.0    0.000000   False  2843.179698
337         0.50    8.0           0.0    0.000000   False  2898.583093
338         0.75    8.0           0.0    0.000000   False  3057.020262
339         1.00    8.0           0.0    3.423038   False  1390.004809
340         1.25    8.0           0.0    0.700304   False   208.650552
341         1.50    8.0           0.0    0.000000   False  2399.810489
342         1.75    8.0           0.0    2.899052   False  1127.623893
343         2.00    8.0           0.0    1.864676   False   736.696677
344         2.25    8.0           0.0    6.130542   False  2537.645187
345         2.50    8.0           0.0    0.000000   False  2969.145901
346         2.75    8.0           0.0   -0.002955   False   -31.214279
347         3.00    8.0           0.0    5.225875   False  2012.304900
348         0.25    9.0           0.0    0.009004   False   -26.101707
349         0.50    9.0           0.0    0.000000   False  2828.013593
350         0.75    9.0           0.0    6.302678   False  2664.177424
351         1.00    9.0           0.0    1.608939   False   614.694523
352         1.25    9.0           0.0    0.000000   False  2858.355531
353         1.50    9.0           0.0    0.000000   False  3096.706609
354         1.75    9.0           0.0    0.000000   False  2985.871256
355         2.00    9.0           0.0    1.797677   False   664.966141
356         2.25    9.0           0.0    0.008706   False   -28.577935
357         2.50    9.0           0.0    0.000472   False   -26.347182
358         2.75    9.0           0.0   -0.003919   False   -30.029048
359         3.00    9.0           0.0    0.005974   False   -26.850690
360         0.25   10.0           0.0    1.170067   False   407.123326
361         0.50   10.0           0.0    0.000000   False  2804.180881
362         0.75   10.0           0.0    0.002355   False   -24.825376
363         1.00   10.0           0.0    0.000000   False  2627.934761
364         1.25   10.0           0.0    0.000745   False   -28.320712
365         1.50   10.0           0.0    2.169234   False   860.395369
366         1.75   10.0           0.0    5.380324   False  2154.183367
367         2.00   10.0           0.0    0.003817   False   -25.470554
368         2.25   10.0           0.0   -0.004735   False   -23.792791
369         2.50   10.0           0.0    0.018274   False   -27.078702
370         2.75   10.0           0.0   -0.004128   False   -26.833592
371         3.00   10.0           0.0    0.000000   False  2611.296002
372         0.25   11.0           0.0    0.000000   False  2826.392748
373         0.50   11.0           0.0    0.001631   False   -27.621240
374         0.75   11.0           0.0    0.000000   False  2835.423130
375         1.00   11.0           0.0    0.000000   False  2664.917293
376         1.25   11.0           0.0    0.000000   False  2720.522350
377         1.50   11.0           0.0    0.000000   False  2963.547979
378         1.75   11.0           0.0    0.000000   False  2736.004041
379         2.00   11.0           0.0    0.000000   False  3173.158823
380         2.25   11.0           0.0    1.453444   False   517.313901
381         2.50   11.0           0.0   -0.004350   False   -25.012576
382         2.75   11.0           0.0   -0.004226   False   -28.414006
383         3.00   11.0           0.0    0.012792   False   -31.235230
384         0.25   12.0           0.0   -0.000613   False   -28.598450
385         0.50   12.0           0.0    0.000000   False  2888.246046
386         0.75   12.0           0.0    0.014728   False   -27.656372
387         1.00   12.0           0.0    0.000908   False   -23.808567
388         1.25   12.0           0.0    0.000000   False  2547.923817
389         1.50   12.0           0.0    0.002124   False   -24.278769
390         1.75   12.0           0.0    0.001342   False   -25.832267
391         2.00   12.0           0.0   -0.000194   False   -22.875120
392         2.25   12.0           0.0   -0.001623   False   -21.188836
393         2.50   12.0           0.0   -0.004327   False   -23.697346
394         2.75   12.0           0.0    0.005275   False   -25.240237
395         3.00   12.0           0.0    0.404771   False    96.366935
396         0.25   13.0           0.0   -0.000015   False   -27.865088
397         0.50   13.0           0.0    0.000000   False  2295.969726
398         0.75   13.0           0.0    0.001527   False   -22.326572
399         1.00   13.0           0.0    0.001592   False   -26.291589
400         1.25   13.0           0.0   -0.002194   False   -26.370348
401         1.50   13.0           0.0    0.000569   False   -26.782038
402         1.75   13.0           0.0   -0.003811   False   -23.097868
403         2.00   13.0           0.0   -0.005117   False   -22.346408
404         2.25   13.0           0.0    0.000000   False  2878.837150
405         2.50   13.0           0.0   -0.003519   False   -24.118145
406         2.75   13.0           0.0   -0.008687   False   -24.569576
407         3.00   13.0           0.0   -0.006914   False   -23.079585
408         0.25   14.0           0.0   -0.002584   False   -29.892768
409         0.50   14.0           0.0    0.003225   False   -24.919174
410         0.75   14.0           0.0   -0.003000   False   -25.137582
411         1.00   14.0           0.0   -0.002509   False   -29.009261
412         1.25   14.0           0.0   -0.004902   False   -21.164468
413         1.50   14.0           0.0    0.007656   False   -28.788328
414         1.75   14.0           0.0   -0.005613   False   -23.514285
415         2.00   14.0           0.0   -0.006895   False   -22.006588
416         2.25   14.0           0.0   -0.007934   False   -24.413947
417         2.50   14.0           0.0   -0.001858   False   -23.150070
418         2.75   14.0           0.0   -0.006352   False   -24.694028
419         3.00   14.0           0.0    0.000340   False   -25.051377
420         0.25   15.0           0.0    0.000000   False  2712.966250
421         0.50   15.0           0.0   -0.004136   False   -22.340531
422         0.75   15.0           0.0    0.001881   False   -25.661474
423         1.00   15.0           0.0    0.005349   False   -32.119552
424         1.25   15.0           0.0   -0.000539   False   -26.864047
425         1.50   15.0           0.0   -0.003576   False   -28.762283
426         1.75   15.0           0.0   -0.007467   False   -23.238055
427         2.00   15.0           0.0   -0.007003   False   -23.988511
428         2.25   15.0           0.0   -0.006244   False   -25.369690
429         2.50   15.0           0.0    0.006223   False   -29.512053
430         2.75   15.0           0.0   -0.004596   False   -21.934090
431         3.00   15.0           0.0   -0.007857   False   -23.189734
432         0.25   16.0           0.0   -0.000916   False   -22.583739
433         0.50   16.0           0.0    0.004786   False   -24.091220
434         0.75   16.0           0.0   -0.002822   False   -25.890868
435         1.00   16.0           0.0   -0.004587   False   -24.979639
436         1.25   16.0           0.0   -0.003116   False   -28.958417
437         1.50   16.0           0.0   -0.005087   False   -24.320403
438         1.75   16.0           0.0   -0.005064   False   -20.268995
439         2.00   16.0           0.0   -0.007920   False   -25.453881
440         2.25   16.0           0.0   -0.007919   False   -24.789064
441         2.50   16.0           0.0   -0.006346   False   -23.340491
442         2.75   16.0           0.0   -0.003491   False   -27.324420
443         3.00   16.0           0.0   -0.008407   False   -21.184710
444         0.25   17.0           0.0    0.000278   False   -25.192302
445         0.50   17.0           0.0   -0.004540   False   -23.692329
446         0.75   17.0           0.0    0.002240   False   -27.070545
447         1.00   17.0           0.0   -0.005969   False   -26.519368
448         1.25   17.0           0.0   -0.005626   False   -27.973572
449         1.50   17.0           0.0   -0.004210   False   -23.987694
450         1.75   17.0           0.0   -0.004936   False   -21.845661
451         2.00   17.0           0.0   -0.008030   False   -22.812429
452         2.25   17.0           0.0   -0.006257   False   -21.537653
453         2.50   17.0           0.0   -0.007804   False   -20.936282
454         2.75   17.0           0.0   -0.006746   False   -20.766537
455         3.00   17.0           0.0   -0.006300   False   -19.912134
456         0.25   18.0           0.0   -0.004441   False   -23.891684
457         0.50   18.0           0.0   -0.002256   False   -19.641956
458         0.75   18.0           0.0    0.000348   False   -23.064879
459         1.00   18.0           0.0   -0.000988   False   -28.363959
460         1.25   18.0           0.0   -0.002151   False   -27.506374
461         1.50   18.0           0.0   -0.006099   False   -24.336248
462         1.75   18.0           0.0   -0.005807   False   -24.838090
463         2.00   18.0           0.0   -0.006701   False   -23.559553
464         2.25   18.0           0.0   -0.007622   False   -24.278027
465         2.50   18.0           0.0   -0.007956   False   -22.186190
466         2.75   18.0           0.0   -0.007237   False   -22.647828
467         3.00   18.0           0.0   -0.007173   False   -20.854938
468         0.25   19.0           0.0   -0.005252   False   -22.218478
469         0.50   19.0           0.0   -0.003924   False   -24.856635
470         0.75   19.0           0.0   -0.000169   False   -23.695243
471         1.00   19.0           0.0   -0.001410   False   -25.831515
472         1.25   19.0           0.0   -0.007117   False   -22.045222
473         1.50   19.0           0.0   -0.005160   False   -25.298120
474         1.75   19.0           0.0   -0.006624   False   -22.710413
475         2.00   19.0           0.0   -0.005623   False   -23.810164
476         2.25   19.0           0.0   -0.005812   False   -24.400989
477         2.50   19.0           0.0   -0.005262   False   -21.296873
478         2.75   19.0           0.0   -0.004229   False   -19.812041
479         3.00   19.0           0.0   -0.008337   False   -22.387130
480         0.25   20.0           0.0   -0.006440   False   -21.140302
481         0.50   20.0           0.0    0.001650   False   -24.569025
482         0.75   20.0           0.0   -0.003842   False   -25.260581
483         1.00   20.0           0.0   -0.003242   False   -24.973371
484         1.25   20.0           0.0   -0.004774   False   -22.275312
485         1.50   20.0           0.0   -0.003687   False   -24.821681
486         1.75   20.0           0.0   -0.005731   False   -24.780793
487         2.00   20.0           0.0   -0.007061   False   -19.527385
488         2.25   20.0           0.0   -0.006922   False   -21.370572
489         2.50   20.0           0.0   -0.005177   False   -20.809791
490         2.75   20.0           0.0   -0.004830   False   -21.283662
491         3.00   20.0           0.0   -0.007617   False   -21.517014