Failed attempts: 369
Total attempts: 369
Success rate: 0.0
Max speed: 0
Demo cases: 
     Speed Value  Angle  Ground Noise  Mean Speed Success      Reward
0         0.1000  -20.0           0.0    0.235857   False  -42.072207
1         0.4625  -20.0           0.0    0.101987   False  -41.833155
2         0.8250  -20.0           0.0    0.288936   False  -48.482680
3         1.1875  -20.0           0.0    0.012442   False  -32.048887
4         1.5500  -20.0           0.0    0.007617   False  -29.777141
5         1.9125  -20.0           0.0    0.021148   False  -41.457654
6         2.2750  -20.0           0.0    0.003087   False  -31.781539
7         2.6375  -20.0           0.0    0.022722   False  -44.908085
8         3.0000  -20.0           0.0    0.009079   False  -35.450708
9         0.1000  -19.0           0.0    0.124272   False  -50.237266
10        0.4625  -19.0           0.0    0.045682   False  -30.771638
11        0.8250  -19.0           0.0   -0.001578   False  -46.240070
12        1.1875  -19.0           0.0    0.011130   False  -26.279403
13        1.5500  -19.0           0.0    0.012615   False  -29.403552
14        1.9125  -19.0           0.0    0.007313   False  -24.823818
15        2.2750  -19.0           0.0    0.008755   False  -40.928295
16        2.6375  -19.0           0.0    0.005866   False  -38.844535
17        3.0000  -19.0           0.0    0.090838   False -103.001555
18        0.1000  -18.0           0.0    0.013863   False  -37.219778
19        0.4625  -18.0           0.0    0.055576   False  -41.923805
20        0.8250  -18.0           0.0    0.030482   False  -40.877160
21        1.1875  -18.0           0.0    0.003964   False  -37.913671
22        1.5500  -18.0           0.0    0.011062   False  -37.531604
23        1.9125  -18.0           0.0    0.015489   False  -38.443867
24        2.2750  -18.0           0.0    0.008329   False  -33.872667
25        2.6375  -18.0           0.0    0.008815   False  -47.115981
26        3.0000  -18.0           0.0    0.025297   False  -40.338615
27        0.1000  -17.0           0.0    0.063526   False  -39.942228
28        0.4625  -17.0           0.0    0.000118   False  -41.269450
29        0.8250  -17.0           0.0    0.048327   False  -34.601222
30        1.1875  -17.0           0.0    0.010194   False  -44.186498
31        1.5500  -17.0           0.0    0.079970   False  -46.191802
32        1.9125  -17.0           0.0    0.008411   False  -29.384879
33        2.2750  -17.0           0.0    0.026825   False  -62.871568
34        2.6375  -17.0           0.0    0.012077   False  -39.962075
35        3.0000  -17.0           0.0    0.015712   False  -46.440882
36        0.1000  -16.0           0.0    0.115245   False  -68.910534
37        0.4625  -16.0           0.0    0.104885   False  -41.764106
38        0.8250  -16.0           0.0    0.013765   False  -31.496358
39        1.1875  -16.0           0.0    0.011638   False  -34.129683
40        1.5500  -16.0           0.0    0.023617   False  -45.775788
41        1.9125  -16.0           0.0    0.001110   False  -30.583913
42        2.2750  -16.0           0.0    0.019048   False  -35.814846
43        2.6375  -16.0           0.0    0.013045   False  -37.362461
44        3.0000  -16.0           0.0    0.012696   False  -34.874670
45        0.1000  -15.0           0.0    0.016278   False  -40.758638
46        0.4625  -15.0           0.0    0.024294   False  -44.240182
47        0.8250  -15.0           0.0    0.007892   False  -28.803926
48        1.1875  -15.0           0.0    0.012653   False  -27.903786
49        1.5500  -15.0           0.0    0.015136   False  -26.466481
50        1.9125  -15.0           0.0    0.014773   False  -40.363644
51        2.2750  -15.0           0.0    0.016834   False  -48.313102
52        2.6375  -15.0           0.0    0.282464   False  -69.987630
53        3.0000  -15.0           0.0    0.006498   False  -32.383823
54        0.1000  -14.0           0.0    0.225925   False  -48.018904
55        0.4625  -14.0           0.0    0.045426   False  -37.599250
56        0.8250  -14.0           0.0    0.126963   False  -34.132317
57        1.1875  -14.0           0.0    0.347825   False  -37.160864
58        1.5500  -14.0           0.0    0.010773   False  -29.801221
59        1.9125  -14.0           0.0    0.008989   False  -34.613887
60        2.2750  -14.0           0.0    0.009855   False  -44.936303
61        2.6375  -14.0           0.0    0.031044   False  -52.635967
62        3.0000  -14.0           0.0    0.031569   False  -48.894154
63        0.1000  -13.0           0.0    0.054833   False  -41.588640
64        0.4625  -13.0           0.0    0.233925   False  -32.498715
65        0.8250  -13.0           0.0    0.008778   False  -22.592150
66        1.1875  -13.0           0.0    0.010085   False  -28.550233
67        1.5500  -13.0           0.0    0.014082   False  -38.344217
68        1.9125  -13.0           0.0    0.019440   False  -42.461989
69        2.2750  -13.0           0.0    0.020626   False  -43.860025
70        2.6375  -13.0           0.0    0.007331   False  -35.156993
71        3.0000  -13.0           0.0    0.041786   False  -44.555851
72        0.1000  -12.0           0.0    0.005262   False  -29.144416
73        0.4625  -12.0           0.0    0.017035   False  -32.505923
74        0.8250  -12.0           0.0    0.087074   False  -49.952765
75        1.1875  -12.0           0.0    0.004090   False  -20.781575
76        1.5500  -12.0           0.0    0.007027   False  -26.787007
77        1.9125  -12.0           0.0    0.021873   False  -39.427447
78        2.2750  -12.0           0.0    0.010987   False  -48.447496
79        2.6375  -12.0           0.0    0.013990   False  -44.400905
80        3.0000  -12.0           0.0    0.049230   False  -56.162355
81        0.1000  -11.0           0.0    0.113137   False  -58.187989
82        0.4625  -11.0           0.0    0.118862   False  -51.048641
83        0.8250  -11.0           0.0    0.005196   False  -29.313832
84        1.1875  -11.0           0.0    0.008136   False  -35.264796
85        1.5500  -11.0           0.0    0.010784   False  -30.437737
86        1.9125  -11.0           0.0    0.007513   False  -38.066195
87        2.2750  -11.0           0.0    0.012858   False  -47.809594
88        2.6375  -11.0           0.0    0.007459   False  -42.859152
89        3.0000  -11.0           0.0    0.030836   False  -51.458275
90        0.1000  -10.0           0.0    0.057338   False  -37.936911
91        0.4625  -10.0           0.0    0.001455   False  -29.663499
92        0.8250  -10.0           0.0    0.009373   False  -28.420242
93        1.1875  -10.0           0.0    0.013456   False  -44.246020
94        1.5500  -10.0           0.0    0.012289   False  -40.182845
95        1.9125  -10.0           0.0    0.011287   False  -35.473535
96        2.2750  -10.0           0.0    0.004283   False  -30.321020
97        2.6375  -10.0           0.0    0.017666   False  -41.886563
98        3.0000  -10.0           0.0   -0.008187   False  -53.381400
99        0.1000   -9.0           0.0    0.005312   False  -18.119809
100       0.4625   -9.0           0.0    0.473222   False  -18.833248
101       0.8250   -9.0           0.0    0.006181   False  -25.305399
102       1.1875   -9.0           0.0    0.013385   False  -29.344107
103       1.5500   -9.0           0.0    0.002461   False  -32.462740
104       1.9125   -9.0           0.0    0.007214   False  -32.185227
105       2.2750   -9.0           0.0    0.017192   False  -47.288339
106       2.6375   -9.0           0.0    0.012649   False  -37.344833
107       3.0000   -9.0           0.0    0.295835   False -100.376028
108       0.1000   -8.0           0.0    0.470956   False  -13.241151
109       0.4625   -8.0           0.0    0.026074   False  -37.469650
110       0.8250   -8.0           0.0    0.004545   False  -39.687583
111       1.1875   -8.0           0.0    0.036119   False  -32.609966
112       1.5500   -8.0           0.0    0.022647   False  -38.734063
113       1.9125   -8.0           0.0    0.010532   False  -42.994690
114       2.2750   -8.0           0.0    1.095880   False  155.930305
115       2.6375   -8.0           0.0    0.013849   False  -39.069778
116       3.0000   -8.0           0.0    0.031389   False  -52.395975
117       0.1000   -7.0           0.0    0.007640   False  -37.875633
118       0.4625   -7.0           0.0    0.108338   False  -17.419759
119       0.8250   -7.0           0.0    0.004645   False  -20.470671
120       1.1875   -7.0           0.0    0.015441   False  -40.016142
121       1.5500   -7.0           0.0    0.006049   False  -26.612088
122       1.9125   -7.0           0.0    0.005636   False  -32.132551
123       2.2750   -7.0           0.0    0.012314   False  -45.743450
124       2.6375   -7.0           0.0    0.010263   False  -35.050602
125       3.0000   -7.0           0.0    0.005000   False  -39.507681
126       0.1000   -6.0           0.0    0.608817   False   29.812645
127       0.4625   -6.0           0.0    0.012643   False  -30.127247
128       0.8250   -6.0           0.0    0.004276   False  -20.558519
129       1.1875   -6.0           0.0    0.015440   False  -33.817304
130       1.5500   -6.0           0.0    0.008097   False  -35.504733
131       1.9125   -6.0           0.0    0.011170   False  -42.382888
132       2.2750   -6.0           0.0    0.016156   False  -35.898586
133       2.6375   -6.0           0.0    0.013784   False  -41.508245
134       3.0000   -6.0           0.0    0.024749   False  -40.044308
135       0.1000   -5.0           0.0    0.106654   False  -33.033775
136       0.4625   -5.0           0.0    0.085391   False  -49.092005
137       0.8250   -5.0           0.0    0.011594   False  -48.343636
138       1.1875   -5.0           0.0    0.001530   False  -23.417840
139       1.5500   -5.0           0.0    0.004041   False  -34.445176
140       1.9125   -5.0           0.0    0.025990   False  -36.847183
141       2.2750   -5.0           0.0    0.017323   False  -38.728126
142       2.6375   -5.0           0.0    0.509630   False  -76.826714
143       3.0000   -5.0           0.0    0.009699   False  -37.336033
144       0.1000   -4.0           0.0    0.008565   False  -24.031129
145       0.4625   -4.0           0.0    0.018667   False  -38.208066
146       0.8250   -4.0           0.0    0.116032   False  -32.181037
147       1.1875   -4.0           0.0    0.018206   False  -37.665791
148       1.5500   -4.0           0.0    0.014960   False  -30.340795
149       1.9125   -4.0           0.0    0.027242   False  -47.829800
150       2.2750   -4.0           0.0    0.003869   False  -36.011464
151       2.6375   -4.0           0.0    0.020833   False  -47.366438
152       3.0000   -4.0           0.0    0.052220   False  -72.656047
153       0.1000   -3.0           0.0    0.561506   False   23.516461
154       0.4625   -3.0           0.0    0.001268   False  -37.732483
155       0.8250   -3.0           0.0    0.009603   False  -28.373383
156       1.1875   -3.0           0.0    0.008780   False  -37.066698
157       1.5500   -3.0           0.0    0.005505   False  -28.473631
158       1.9125   -3.0           0.0    0.014019   False  -33.910951
159       2.2750   -3.0           0.0    0.014161   False  -39.684125
160       2.6375   -3.0           0.0    0.004188   False  -34.100890
161       3.0000   -3.0           0.0    0.013130   False  -23.211020
162       0.1000   -2.0           0.0    0.011933   False   -6.907157
163       0.4625   -2.0           0.0    0.083290   False  -37.382396
164       0.8250   -2.0           0.0    0.008755   False  -31.206982
165       1.1875   -2.0           0.0    0.008962   False  -30.297752
166       1.5500   -2.0           0.0    0.010120   False  -36.739743
167       1.9125   -2.0           0.0    0.007709   False  -43.620697
168       2.2750   -2.0           0.0    0.012412   False  -34.483854
169       2.6375   -2.0           0.0    0.018043   False  -45.102218
170       3.0000   -2.0           0.0    0.008505   False  -38.765132
171       0.1000   -1.0           0.0    0.056431   False  -43.885407
172       0.4625   -1.0           0.0    0.109477   False  -68.212397
173       0.8250   -1.0           0.0    0.012466   False  -40.621383
174       1.1875   -1.0           0.0    0.004486   False  -29.830904
175       1.5500   -1.0           0.0    0.014505   False  -46.037482
176       1.9125   -1.0           0.0    0.014754   False  -44.167816
177       2.2750   -1.0           0.0    0.004143   False  -31.593033
178       2.6375   -1.0           0.0    0.005702   False  -43.238366
179       3.0000   -1.0           0.0    0.002193   False  -49.946618
180       0.1000    0.0           0.0    0.005768   False  -27.758230
181       0.4625    0.0           0.0    0.003587   False  -23.731678
182       0.8250    0.0           0.0    0.011059   False  -28.318567
183       1.1875    0.0           0.0    0.010463   False  -32.446587
184       1.5500    0.0           0.0    0.004180   False  -31.668299
185       1.9125    0.0           0.0    0.007218   False  -38.731897
186       2.2750    0.0           0.0    0.005935   False  -43.852035
187       2.6375    0.0           0.0    0.012731   False  -38.119115
188       3.0000    0.0           0.0    0.085972   False  -59.365900
189       0.1000    1.0           0.0    0.010430   False  -28.797948
190       0.4625    1.0           0.0    0.082271   False  -61.541007
191       0.8250    1.0           0.0    0.010860   False  -29.244929
192       1.1875    1.0           0.0    0.006537   False  -34.423637
193       1.5500    1.0           0.0    0.007426   False  -23.027123
194       1.9125    1.0           0.0    0.010380   False  -34.886216
195       2.2750    1.0           0.0    0.015489   False  -34.597672
196       2.6375    1.0           0.0    0.013498   False  -50.861758
197       3.0000    1.0           0.0    0.020522   False  -52.710823
198       0.1000    2.0           0.0    0.137776   False  -31.789586
199       0.4625    2.0           0.0    0.062962   False  -41.680939
200       0.8250    2.0           0.0    0.006987   False  -37.677515
201       1.1875    2.0           0.0    0.013674   False  -27.686780
202       1.5500    2.0           0.0    0.004901   False  -28.802635
203       1.9125    2.0           0.0    0.010260   False  -39.045505
204       2.2750    2.0           0.0    0.012670   False  -36.148614
205       2.6375    2.0           0.0    0.014314   False  -33.463293
206       3.0000    2.0           0.0   -0.006028   False  -50.712954
207       0.1000    3.0           0.0    0.043616   False  -40.657173
208       0.4625    3.0           0.0    0.055448   False  -37.427550
209       0.8250    3.0           0.0    0.012676   False  -41.695433
210       1.1875    3.0           0.0    0.008760   False  -35.919818
211       1.5500    3.0           0.0    0.006017   False  -30.262501
212       1.9125    3.0           0.0    0.019760   False  -33.179961
213       2.2750    3.0           0.0    0.008914   False  -41.630033
214       2.6375    3.0           0.0    0.044657   False  -60.233162
215       3.0000    3.0           0.0    0.064948   False  -53.662447
216       0.1000    4.0           0.0    0.014246   False  -23.982615
217       0.4625    4.0           0.0    0.005940   False  -35.087848
218       0.8250    4.0           0.0    0.010104   False  -29.206717
219       1.1875    4.0           0.0    0.082027   False  -53.284885
220       1.5500    4.0           0.0    0.009067   False  -37.938546
221       1.9125    4.0           0.0    0.008355   False  -36.347301
222       2.2750    4.0           0.0    0.013819   False  -35.270339
223       2.6375    4.0           0.0    0.016359   False  -27.206613
224       3.0000    4.0           0.0   -0.000751   False  -27.372772
225       0.1000    5.0           0.0    0.034693   False  -38.818132
226       0.4625    5.0           0.0    0.192776   False  -53.697700
227       0.8250    5.0           0.0    0.008844   False  -37.552838
228       1.1875    5.0           0.0    0.004763   False  -32.752477
229       1.5500    5.0           0.0    0.002173   False  -29.704771
230       1.9125    5.0           0.0    0.006528   False  -32.801214
231       2.2750    5.0           0.0    0.012090   False  -31.809098
232       2.6375    5.0           0.0    0.001357   False  -37.624799
233       3.0000    5.0           0.0    0.017669   False  -40.774724
234       0.1000    6.0           0.0    0.027196   False  -35.686821
235       0.4625    6.0           0.0    0.457021   False    1.028003
236       0.8250    6.0           0.0    0.261940   False  -44.997064
237       1.1875    6.0           0.0    0.011266   False  -28.744677
238       1.5500    6.0           0.0    0.013433   False  -22.494680
239       1.9125    6.0           0.0    0.012147   False  -42.852558
240       2.2750    6.0           0.0    0.017596   False  -42.666311
241       2.6375    6.0           0.0    0.014481   False  -34.982554
242       3.0000    6.0           0.0    0.005839   False  -45.426928
243       0.1000    7.0           0.0    0.087946   False   -8.549884
244       0.4625    7.0           0.0    0.013475   False  -37.940658
245       0.8250    7.0           0.0    0.010116   False  -26.828629
246       1.1875    7.0           0.0    0.022130   False  -32.733480
247       1.5500    7.0           0.0    0.011475   False  -37.989784
248       1.9125    7.0           0.0    0.016669   False  -36.813656
249       2.2750    7.0           0.0    0.019028   False  -35.754124
250       2.6375    7.0           0.0    0.008164   False  -32.967651
251       3.0000    7.0           0.0    0.014398   False  -26.401077
252       0.1000    8.0           0.0    0.004172   False  -21.320593
253       0.4625    8.0           0.0    0.006425   False  -32.658745
254       0.8250    8.0           0.0    0.006758   False  -31.632270
255       1.1875    8.0           0.0    0.009985   False  -30.144086
256       1.5500    8.0           0.0    0.046258   False  -53.738742
257       1.9125    8.0           0.0    0.013523   False  -37.771542
258       2.2750    8.0           0.0    0.005987   False  -37.980445
259       2.6375    8.0           0.0    0.017386   False  -49.037816
260       3.0000    8.0           0.0    0.014878   False  -36.152616
261       0.1000    9.0           0.0    0.018206   False  -33.643347
262       0.4625    9.0           0.0    0.015982   False  -31.245734
263       0.8250    9.0           0.0    0.009619   False  -37.682687
264       1.1875    9.0           0.0    0.003845   False  -18.977346
265       1.5500    9.0           0.0    0.006755   False  -24.609517
266       1.9125    9.0           0.0    0.007426   False  -33.691740
267       2.2750    9.0           0.0    0.012337   False  -34.755022
268       2.6375    9.0           0.0    0.003150   False  -32.694113
269       3.0000    9.0           0.0    0.006494   False  -43.362675
270       0.1000   10.0           0.0    0.074071   False  -24.431906
271       0.4625   10.0           0.0    0.145945   False  -40.343655
272       0.8250   10.0           0.0    0.041407   False  -57.340661
273       1.1875   10.0           0.0    0.015790   False  -41.597474
274       1.5500   10.0           0.0    0.010360   False  -27.866431
275       1.9125   10.0           0.0    0.011147   False  -42.406206
276       2.2750   10.0           0.0    0.006422   False  -29.936467
277       2.6375   10.0           0.0    0.043140   False  -55.263163
278       3.0000   10.0           0.0    0.143573   False  -78.141340
279       0.1000   11.0           0.0    0.011767   False  -34.979161
280       0.4625   11.0           0.0    0.011756   False  -33.571480
281       0.8250   11.0           0.0    0.069219   False  -50.495878
282       1.1875   11.0           0.0    0.005450   False  -29.011187
283       1.5500   11.0           0.0    0.003742   False  -31.061049
284       1.9125   11.0           0.0    0.017945   False  -38.337912
285       2.2750   11.0           0.0    0.014223   False  -37.617560
286       2.6375   11.0           0.0    0.001177   False  -27.527241
287       3.0000   11.0           0.0    0.084300   False  -53.646681
288       0.1000   12.0           0.0    0.004555   False  -30.982124
289       0.4625   12.0           0.0   -0.001520   False  -39.726654
290       0.8250   12.0           0.0    0.006599   False  -25.358750
291       1.1875   12.0           0.0    0.014074   False  -39.782984
292       1.5500   12.0           0.0    0.051889   False  -27.786141
293       1.9125   12.0           0.0    0.010387   False  -31.945922
294       2.2750   12.0           0.0    0.018363   False  -43.974766
295       2.6375   12.0           0.0    0.012645   False  -33.262893
296       3.0000   12.0           0.0    0.013072   False  -42.899740
297       0.1000   13.0           0.0    0.006547   False  -35.212552
298       0.4625   13.0           0.0    0.194301   False  -39.940934
299       0.8250   13.0           0.0    0.009040   False  -36.687242
300       1.1875   13.0           0.0    0.015694   False  -33.539999
301       1.5500   13.0           0.0    0.016273   False  -36.384723
302       1.9125   13.0           0.0    0.003827   False  -29.391049
303       2.2750   13.0           0.0    0.011175   False  -38.210493
304       2.6375   13.0           0.0    0.008005   False  -33.987362
305       3.0000   13.0           0.0   -0.004901   False  -54.085724
306       0.1000   14.0           0.0    0.015764   False  -39.916874
307       0.4625   14.0           0.0    0.012048   False  -41.582415
308       0.8250   14.0           0.0    0.012243   False  -28.933284
309       1.1875   14.0           0.0    0.015335   False  -39.124320
310       1.5500   14.0           0.0    0.010363   False  -34.355386
311       1.9125   14.0           0.0    0.009948   False  -30.520907
312       2.2750   14.0           0.0    0.009345   False  -42.977295
313       2.6375   14.0           0.0    0.010572   False  -38.356201
314       3.0000   14.0           0.0    0.015296   False  -41.471759
315       0.1000   15.0           0.0    0.088657   False  -24.460519
316       0.4625   15.0           0.0    0.006770   False  -33.267648
317       0.8250   15.0           0.0    0.021703   False  -33.669958
318       1.1875   15.0           0.0    0.008357   False  -35.562030
319       1.5500   15.0           0.0    0.003511   False  -33.521263
320       1.9125   15.0           0.0    0.017036   False  -39.274939
321       2.2750   15.0           0.0    0.016341   False  -34.851565
322       2.6375   15.0           0.0    0.011865   False  -32.809637
323       3.0000   15.0           0.0    0.054952   False  -58.732168
324       0.1000   16.0           0.0    0.004518   False  -24.574274
325       0.4625   16.0           0.0    0.069609   False  -38.612698
326       0.8250   16.0           0.0    0.037959   False  -46.633910
327       1.1875   16.0           0.0    0.009490   False  -34.539106
328       1.5500   16.0           0.0    0.004897   False  -25.280060
329       1.9125   16.0           0.0    0.025474   False  -38.158020
330       2.2750   16.0           0.0    0.009933   False  -39.897007
331       2.6375   16.0           0.0    0.022433   False  -45.090984
332       3.0000   16.0           0.0    0.023968   False  -32.710964
333       0.1000   17.0           0.0    0.002049   False  -22.223362
334       0.4625   17.0           0.0    0.007921   False  -40.192078
335       0.8250   17.0           0.0    0.019935   False  -42.192529
336       1.1875   17.0           0.0    0.006137   False  -34.969172
337       1.5500   17.0           0.0    0.005835   False  -37.041228
338       1.9125   17.0           0.0    0.005397   False  -35.455677
339       2.2750   17.0           0.0    0.009039   False  -45.488061
340       2.6375   17.0           0.0    0.023136   False  -46.577080
341       3.0000   17.0           0.0    0.002744   False  -47.957607
342       0.1000   18.0           0.0    0.009006   False  -37.747429
343       0.4625   18.0           0.0    0.006442   False  -31.811435
344       0.8250   18.0           0.0    0.005882   False  -43.603865
345       1.1875   18.0           0.0    0.008185   False  -36.104594
346       1.5500   18.0           0.0    0.008799   False  -28.336534
347       1.9125   18.0           0.0    0.018459   False  -42.332129
348       2.2750   18.0           0.0    0.018216   False  -42.489183
349       2.6375   18.0           0.0    0.007075   False  -54.251168
350       3.0000   18.0           0.0    0.021954   False  -55.798912
351       0.1000   19.0           0.0    0.008044   False  -30.150477
352       0.4625   19.0           0.0    0.013299   False  -34.181478
353       0.8250   19.0           0.0    0.014515   False  -37.555574
354       1.1875   19.0           0.0    0.010364   False  -40.002263
355       1.5500   19.0           0.0    0.018153   False  -38.892245
356       1.9125   19.0           0.0    0.004411   False  -29.924089
357       2.2750   19.0           0.0    0.014507   False  -41.866552
358       2.6375   19.0           0.0    0.031153   False  -32.723476
359       3.0000   19.0           0.0    0.005909   False  -35.079839
360       0.1000   20.0           0.0    0.007010   False  -35.053218
361       0.4625   20.0           0.0    0.073641   False  -48.011357
362       0.8250   20.0           0.0    0.008155   False  -38.018494
363       1.1875   20.0           0.0    0.008214   False  -38.282186
364       1.5500   20.0           0.0    0.027082   False  -48.898540
365       1.9125   20.0           0.0    0.015688   False  -36.804144
366       2.2750   20.0           0.0    0.011149   False  -33.106266
367       2.6375   20.0           0.0    0.028902   False  -44.269493
368       3.0000   20.0           0.0    0.031434   False  -44.010950