Failed attempts: 190
Total attempts: 369
Success rate: 0.48509485094850946
Max speed: 1.3690886007068572
Demo cases: 
     Speed Value  Angle  Ground Noise  Mean Speed Success       Reward
0         0.1000  -20.0           0.0    0.006274   False   -28.312764
1         0.4625  -20.0           0.0    0.008038   False   -26.289050
2         0.8250  -20.0           0.0    0.007451   False   -27.566505
3         1.1875  -20.0           0.0    0.007955   False   -28.486314
4         1.5500  -20.0           0.0    0.008585   False   -28.392966
5         1.9125  -20.0           0.0    0.008602   False   -27.889514
6         2.2750  -20.0           0.0    0.007115   False   -31.300032
7         2.6375  -20.0           0.0    0.007490   False   -31.398328
8         3.0000  -20.0           0.0    0.006669   False   -32.383278
9         0.1000  -19.0           0.0    0.008490   False   -24.816191
10        0.4625  -19.0           0.0    0.008698   False   -25.139309
11        0.8250  -19.0           0.0    0.008120   False   -27.478277
12        1.1875  -19.0           0.0    0.007961   False   -26.452684
13        1.5500  -19.0           0.0    0.007431   False   -26.945162
14        1.9125  -19.0           0.0    0.008663   False   -29.109669
15        2.2750  -19.0           0.0    0.008694   False   -30.795435
16        2.6375  -19.0           0.0    0.006443   False   -31.963973
17        3.0000  -19.0           0.0    0.008368   False   -29.880160
18        0.1000  -18.0           0.0    0.008955   False   -25.838186
19        0.4625  -18.0           0.0    0.009918   False   -29.048508
20        0.8250  -18.0           0.0    0.008466   False   -25.162809
21        1.1875  -18.0           0.0    0.008136   False   -24.593021
22        1.5500  -18.0           0.0    0.009242   False   -25.210678
23        1.9125  -18.0           0.0    0.007724   False   -26.606962
24        2.2750  -18.0           0.0    0.009801   False   -28.378189
25        2.6375  -18.0           0.0    0.008142   False   -29.162815
26        3.0000  -18.0           0.0    0.007352   False   -30.747731
27        0.1000  -17.0           0.0    0.009245   False   -22.207322
28        0.4625  -17.0           0.0    0.010331   False   -27.332977
29        0.8250  -17.0           0.0    0.010018   False   -22.590380
30        1.1875  -17.0           0.0    0.009057   False   -23.728687
31        1.5500  -17.0           0.0    0.010470   False   -26.813149
32        1.9125  -17.0           0.0    0.009509   False   -26.619432
33        2.2750  -17.0           0.0    0.009514   False   -30.518929
34        2.6375  -17.0           0.0    0.007985   False   -24.605821
35        3.0000  -17.0           0.0    0.008364   False   -28.106634
36        0.1000  -16.0           0.0    0.009334   False   -26.170931
37        0.4625  -16.0           0.0    0.011228   False   -23.532103
38        0.8250  -16.0           0.0    0.012355   False   -21.173962
39        1.1875  -16.0           0.0    0.008699   False   -24.753679
40        1.5500  -16.0           0.0    0.010112   False   -24.264257
41        1.9125  -16.0           0.0    0.009977   False   -28.264034
42        2.2750  -16.0           0.0    0.009323   False   -29.995944
43        2.6375  -16.0           0.0    0.009821   False   -30.776411
44        3.0000  -16.0           0.0    0.010908   False   -27.457080
45        0.1000  -15.0           0.0    0.249654    True  1723.902571
46        0.4625  -15.0           0.0    0.303471    True  1671.593471
47        0.8250  -15.0           0.0    0.012069   False   -18.986787
48        1.1875  -15.0           0.0    0.011580   False   -18.861092
49        1.5500  -15.0           0.0    0.897456    True  1569.625804
50        1.9125  -15.0           0.0    0.012692   False   -21.926911
51        2.2750  -15.0           0.0    0.010388   False   -29.339484
52        2.6375  -15.0           0.0    0.052528   False    -5.870517
53        3.0000  -15.0           0.0    0.028182   False   -19.362106
54        0.1000  -14.0           0.0    0.263109    True  1506.871933
55        0.4625  -14.0           0.0    0.421172    True  1543.060497
56        0.8250  -14.0           0.0    0.316586    True  1764.172401
57        1.1875  -14.0           0.0    0.899504    True  1373.862352
58        1.5500  -14.0           0.0    0.012509   False   -26.508496
59        1.9125  -14.0           0.0    0.807857    True  1761.195367
60        2.2750  -14.0           0.0    0.044251   False     5.958715
61        2.6375  -14.0           0.0    0.009738   False   -30.621125
62        3.0000  -14.0           0.0    0.078473   False    -0.999655
63        0.1000  -13.0           0.0    0.258446    True  1688.978855
64        0.4625  -13.0           0.0    0.222452    True  1749.939863
65        0.8250  -13.0           0.0    0.325191    True  1462.236170
66        1.1875  -13.0           0.0    0.977954    True  1507.428350
67        1.5500  -13.0           0.0    0.781079    True  1664.525510
68        1.9125  -13.0           0.0    1.155586    True  1671.167227
69        2.2750  -13.0           0.0    1.285460    True  1523.930557
70        2.6375  -13.0           0.0    0.069326   False     8.491964
71        3.0000  -13.0           0.0    1.369089    True  1401.353404
72        0.1000  -12.0           0.0    0.208771    True  1870.965251
73        0.4625  -12.0           0.0    0.270249    True  1793.746743
74        0.8250  -12.0           0.0    0.400345    True  1467.690192
75        1.1875  -12.0           0.0    0.710748    True  1418.584474
76        1.5500  -12.0           0.0    0.497805    True  1781.499204
77        1.9125  -12.0           0.0    0.937080    True  1699.736863
78        2.2750  -12.0           0.0    0.771762    True  1699.629298
79        2.6375  -12.0           0.0    1.245275   False   699.361631
80        3.0000  -12.0           0.0    1.332112    True  1134.749608
81        0.1000  -11.0           0.0    0.234631    True  1638.740189
82        0.4625  -11.0           0.0    0.238804    True  1702.810902
83        0.8250  -11.0           0.0    0.323851    True  1821.856899
84        1.1875  -11.0           0.0    0.354248   False   388.375677
85        1.5500  -11.0           0.0    0.662193    True  1781.812790
86        1.9125  -11.0           0.0    0.589519    True  1706.643681
87        2.2750  -11.0           0.0    0.351319   False   162.612180
88        2.6375  -11.0           0.0    0.799068    True  1632.283798
89        3.0000  -11.0           0.0    0.015423   False   -17.461401
90        0.1000  -10.0           0.0    0.203405    True  1807.217627
91        0.4625  -10.0           0.0    0.299156    True  1657.278767
92        0.8250  -10.0           0.0    0.266821    True  1907.351519
93        1.1875  -10.0           0.0    0.806893    True  1582.305075
94        1.5500  -10.0           0.0    0.060788   False    36.782234
95        1.9125  -10.0           0.0    0.622180    True  1828.640586
96        2.2750  -10.0           0.0    0.650207    True  1767.708803
97        2.6375  -10.0           0.0    0.052633   False   -15.107864
98        3.0000  -10.0           0.0    0.692910   False   464.587330
99        0.1000   -9.0           0.0    0.186823    True  1907.401243
100       0.4625   -9.0           0.0    0.252690    True  1734.919099
101       0.8250   -9.0           0.0    0.353496    True  1839.399812
102       1.1875   -9.0           0.0    0.489561    True  1737.061043
103       1.5500   -9.0           0.0    0.462204    True  1854.499082
104       1.9125   -9.0           0.0    0.485023    True  1851.672156
105       2.2750   -9.0           0.0    0.774452    True  1582.391134
106       2.6375   -9.0           0.0    1.059555    True  1141.966055
107       3.0000   -9.0           0.0    1.136664    True  1301.804258
108       0.1000   -8.0           0.0    0.188261    True  1814.256009
109       0.4625   -8.0           0.0    0.352941    True  1601.357200
110       0.8250   -8.0           0.0    0.236828    True  1961.371200
111       1.1875   -8.0           0.0    1.272041    True  1253.309567
112       1.5500   -8.0           0.0    0.609198    True  1736.656893
113       1.9125   -8.0           0.0    0.551018    True  1811.969824
114       2.2750   -8.0           0.0    0.394647    True  1875.259745
115       2.6375   -8.0           0.0    0.739913    True  1692.464090
116       3.0000   -8.0           0.0    0.038982   False    -4.322467
117       0.1000   -7.0           0.0    0.211956    True  1930.462040
118       0.4625   -7.0           0.0    0.242208    True  1568.332918
119       0.8250   -7.0           0.0    0.295716    True  1972.796713
120       1.1875   -7.0           0.0    0.545528    True  1669.116134
121       1.5500   -7.0           0.0    0.600405    True  1807.929203
122       1.9125   -7.0           0.0    0.638392    True  1783.342194
123       2.2750   -7.0           0.0    0.730427    True  1757.943844
124       2.6375   -7.0           0.0    0.696966    True  1761.359063
125       3.0000   -7.0           0.0    0.038713   False    -1.055823
126       0.1000   -6.0           0.0    0.222644    True  1871.164789
127       0.4625   -6.0           0.0    0.232614    True  1895.439995
128       0.8250   -6.0           0.0    0.269364    True  1967.861991
129       1.1875   -6.0           0.0    0.621915    True  1562.656857
130       1.5500   -6.0           0.0    0.780932    True  1657.143799
131       1.9125   -6.0           0.0    0.808922    True  1657.306114
132       2.2750   -6.0           0.0    0.452100    True  1909.722698
133       2.6375   -6.0           0.0    0.836383    True  1625.145695
134       3.0000   -6.0           0.0    0.997307    True   980.132772
135       0.1000   -5.0           0.0    0.231152    True  1792.476680
136       0.4625   -5.0           0.0    0.307489    True  1508.333545
137       0.8250   -5.0           0.0    0.265483    True  1927.016896
138       1.1875   -5.0           0.0    0.773462    True  1323.762550
139       1.5500   -5.0           0.0    0.492389    True  1802.392052
140       1.9125   -5.0           0.0    0.647624    True  1713.154641
141       2.2750   -5.0           0.0    0.856822    True  1556.900503
142       2.6375   -5.0           0.0    0.450637    True  1821.925142
143       3.0000   -5.0           0.0    0.276038   False   113.949955
144       0.1000   -4.0           0.0    0.197467    True  1926.833156
145       0.4625   -4.0           0.0    0.239697    True  1808.496563
146       0.8250   -4.0           0.0    0.231870    True  2052.265087
147       1.1875   -4.0           0.0    0.687907    True  1464.754458
148       1.5500   -4.0           0.0    0.780948    True  1631.737698
149       1.9125   -4.0           0.0    0.566582    True  1849.630160
150       2.2750   -4.0           0.0    0.991898    True  1207.842921
151       2.6375   -4.0           0.0    0.321138   False   135.915188
152       3.0000   -4.0           0.0    0.507400   False   316.145925
153       0.1000   -3.0           0.0    0.183137    True  2076.131229
154       0.4625   -3.0           0.0    0.202221    True  1829.582759
155       0.8250   -3.0           0.0    0.227669    True  2005.931221
156       1.1875   -3.0           0.0    0.966971    True  1235.579454
157       1.5500   -3.0           0.0    0.516019    True  1823.466604
158       1.9125   -3.0           0.0    0.508606    True  1847.012398
159       2.2750   -3.0           0.0    0.748171    True  1476.071496
160       2.6375   -3.0           0.0    1.143329    True   935.229051
161       3.0000   -3.0           0.0    0.217622   False   201.970112
162       0.1000   -2.0           0.0    0.201119    True  2184.218515
163       0.4625   -2.0           0.0    0.349442    True  1391.891458
164       0.8250   -2.0           0.0    0.255307    True  2054.275812
165       1.1875   -2.0           0.0    0.355081    True  1839.792051
166       1.5500   -2.0           0.0    0.560873    True  1737.607432
167       1.9125   -2.0           0.0    0.554387    True  1735.745402
168       2.2750   -2.0           0.0    0.573415    True  1712.357247
169       2.6375   -2.0           0.0    0.600603    True  1371.717993
170       3.0000   -2.0           0.0    0.621028    True  1284.835188
171       0.1000   -1.0           0.0    0.155664    True  1972.302566
172       0.4625   -1.0           0.0    0.204112    True  1994.929011
173       0.8250   -1.0           0.0    0.245372    True  2083.290489
174       1.1875   -1.0           0.0    0.361471    True  1790.458793
175       1.5500   -1.0           0.0    0.440990    True  1837.575697
176       1.9125   -1.0           0.0    0.509537    True  1734.235876
177       2.2750   -1.0           0.0    0.507934    True  1621.747684
178       2.6375   -1.0           0.0    0.584334    True  1002.490822
179       3.0000   -1.0           0.0    0.141164   False    86.087781
180       0.1000    0.0           0.0    0.173324    True  2003.796409
181       0.4625    0.0           0.0    0.225367    True  1681.008687
182       0.8250    0.0           0.0    0.223577    True  2166.054019
183       1.1875    0.0           0.0    0.477733    True  1269.557394
184       1.5500    0.0           0.0    0.393588    True  1827.507319
185       1.9125    0.0           0.0    0.652018    True  1466.480118
186       2.2750    0.0           0.0    0.563313    True  1529.377525
187       2.6375    0.0           0.0    0.760954    True  1007.834674
188       3.0000    0.0           0.0    0.477210    True  1411.257271
189       0.1000    1.0           0.0    0.141295    True  2005.131391
190       0.4625    1.0           0.0    0.207342    True  1579.124736
191       0.8250    1.0           0.0    0.199429    True  2001.076677
192       1.1875    1.0           0.0    0.393588    True  1696.015784
193       1.5500    1.0           0.0    0.413870    True  1751.546327
194       1.9125    1.0           0.0    0.435060    True  1763.688741
195       2.2750    1.0           0.0    0.027914   False    12.073482
196       2.6375    1.0           0.0    0.680016    True  1180.993909
197       3.0000    1.0           0.0    0.299960   False   339.517364
198       0.1000    2.0           0.0    0.119707    True  2064.081852
199       0.4625    2.0           0.0    0.205873    True  1392.720776
200       0.8250    2.0           0.0    0.204165    True  1939.257947
201       1.1875    2.0           0.0    0.344621    True  1647.620881
202       1.5500    2.0           0.0    0.378133    True  1767.693497
203       1.9125    2.0           0.0    0.327461    True  1873.255212
204       2.2750    2.0           0.0    0.376665    True  1691.434403
205       2.6375    2.0           0.0    0.022496   False    10.009161
206       3.0000    2.0           0.0    0.434161    True  1517.588845
207       0.1000    3.0           0.0    0.110138    True  2133.775233
208       0.4625    3.0           0.0    0.152545    True  1599.505280
209       0.8250    3.0           0.0    0.148033    True  2130.089362
210       1.1875    3.0           0.0    0.318291   False   647.380616
211       1.5500    3.0           0.0    0.382460    True  1623.025693
212       1.9125    3.0           0.0    0.303582    True  1799.883289
213       2.2750    3.0           0.0    0.315003    True  1844.620947
214       2.6375    3.0           0.0    0.526209    True  1042.473720
215       3.0000    3.0           0.0    0.479707   False   515.029000
216       0.1000    4.0           0.0    0.115180    True  2098.952258
217       0.4625    4.0           0.0    0.113220    True  2167.746762
218       0.8250    4.0           0.0    0.148684    True  2093.387255
219       1.1875    4.0           0.0    0.255388    True  1477.918937
220       1.5500    4.0           0.0    0.403171    True  1591.767905
221       1.9125    4.0           0.0    0.413451    True  1546.791564
222       2.2750    4.0           0.0    0.334670    True  1698.094226
223       2.6375    4.0           0.0    0.017218   False    10.809874
224       3.0000    4.0           0.0    0.026998   False   -26.487521
225       0.1000    5.0           0.0    0.105703    True  2302.478182
226       0.4625    5.0           0.0    0.100635    True  1799.475411
227       0.8250    5.0           0.0    0.128122    True  1998.716840
228       1.1875    5.0           0.0    0.240875    True  1567.599781
229       1.5500    5.0           0.0    0.266117    True  1532.703156
230       1.9125    5.0           0.0    0.273929    True  1832.673921
231       2.2750    5.0           0.0    0.380081    True  1498.326904
232       2.6375    5.0           0.0    0.347822    True  1183.852590
233       3.0000    5.0           0.0    0.295823    True  1696.351756
234       0.1000    6.0           0.0    0.000000   False  2064.668280
235       0.4625    6.0           0.0    0.000000   False  1730.099145
236       0.8250    6.0           0.0    0.129584    True  2000.347231
237       1.1875    6.0           0.0    0.190787    True  1462.043324
238       1.5500    6.0           0.0    0.318566    True  1583.195468
239       1.9125    6.0           0.0    0.242749    True  1780.545930
240       2.2750    6.0           0.0    0.071806   False    46.133551
241       2.6375    6.0           0.0    0.139101   False   178.435053
242       3.0000    6.0           0.0    0.038136   False     0.487735
243       0.1000    7.0           0.0    0.000000   False  1873.502926
244       0.4625    7.0           0.0    0.000000   False  1324.858919
245       0.8250    7.0           0.0    0.000000   False  2160.404800
246       1.1875    7.0           0.0    0.180261    True  1344.382874
247       1.5500    7.0           0.0    0.307823    True  1346.736796
248       1.9125    7.0           0.0    0.248574    True  1716.706402
249       2.2750    7.0           0.0    0.344706    True  1133.793844
250       2.6375    7.0           0.0    0.224485   False   184.808615
251       3.0000    7.0           0.0    0.263819    True  1239.112881
252       0.1000    8.0           0.0    0.000000   False  1939.374118
253       0.4625    8.0           0.0    0.000000   False  1754.263821
254       0.8250    8.0           0.0    0.000000   False  1301.329200
255       1.1875    8.0           0.0    0.190347    True  1205.540868
256       1.5500    8.0           0.0    0.220232    True  1667.994876
257       1.9125    8.0           0.0    0.255078    True  1574.662453
258       2.2750    8.0           0.0    0.212360    True  1740.493172
259       2.6375    8.0           0.0    0.211954    True  1678.794652
260       3.0000    8.0           0.0    0.131339   False   121.228062
261       0.1000    9.0           0.0    0.000000   False  1848.513767
262       0.4625    9.0           0.0    0.000000   False  1771.499820
263       0.8250    9.0           0.0    0.000000   False  1962.863867
264       1.1875    9.0           0.0    0.000000   False  1761.019819
265       1.5500    9.0           0.0    0.192312    True  1463.360821
266       1.9125    9.0           0.0   -0.025571   False    -9.688180
267       2.2750    9.0           0.0    0.196470    True  1536.596875
268       2.6375    9.0           0.0    0.113748    True  1220.374974
269       3.0000    9.0           0.0    0.086942   False    61.175331
270       0.1000   10.0           0.0    0.000000   False  1842.851117
271       0.4625   10.0           0.0    0.000000   False  1386.160807
272       0.8250   10.0           0.0    0.000000   False  1974.655624
273       1.1875   10.0           0.0    0.000000   False  1732.335408
274       1.5500   10.0           0.0    0.191205    True  1379.623135
275       1.9125   10.0           0.0    0.162071    True  1270.501228
276       2.2750   10.0           0.0   -0.024482   False     7.042840
277       2.6375   10.0           0.0    0.139786   False    95.950438
278       3.0000   10.0           0.0    0.042183   False    98.669533
279       0.1000   11.0           0.0    0.000000   False  1540.006395
280       0.4625   11.0           0.0    0.000000   False  1615.193861
281       0.8250   11.0           0.0    0.001769   False   -21.871589
282       1.1875   11.0           0.0    0.000000   False  1210.158332
283       1.5500   11.0           0.0    0.122942    True  1545.936194
284       1.9125   11.0           0.0   -0.000089   False   -26.808550
285       2.2750   11.0           0.0    0.097392   False   137.181910
286       2.6375   11.0           0.0    0.037407   False    31.043386
287       3.0000   11.0           0.0   -0.000484   False   -30.268181
288       0.1000   12.0           0.0    0.000000   False  1875.900054
289       0.4625   12.0           0.0    0.000000   False  1450.471505
290       0.8250   12.0           0.0    0.000000   False  1882.404316
291       1.1875   12.0           0.0    0.001025   False   -16.694082
292       1.5500   12.0           0.0    0.000000   False  1643.428033
293       1.9125   12.0           0.0    0.101498    True  1298.571191
294       2.2750   12.0           0.0    0.000425   False   -27.825109
295       2.6375   12.0           0.0   -0.001014   False   -28.370948
296       3.0000   12.0           0.0   -0.000245   False   -26.793169
297       0.1000   13.0           0.0    0.000000   False  1825.046087
298       0.4625   13.0           0.0    0.000000   False  1473.087508
299       0.8250   13.0           0.0    0.000000   False  1788.831255
300       1.1875   13.0           0.0    0.002181   False   -18.997472
301       1.5500   13.0           0.0    0.000000   False  1259.877463
302       1.9125   13.0           0.0    0.000000   False  1157.032804
303       2.2750   13.0           0.0   -0.000815   False   -31.885578
304       2.6375   13.0           0.0   -0.001690   False   -30.630718
305       3.0000   13.0           0.0   -0.001115   False   -29.724265
306       0.1000   14.0           0.0    0.001204   False   -16.134144
307       0.4625   14.0           0.0   -0.000001   False   -17.786523
308       0.8250   14.0           0.0   -0.000377   False   -22.548323
309       1.1875   14.0           0.0   -0.001504   False   177.228715
310       1.5500   14.0           0.0   -0.001101   False   -27.454821
311       1.9125   14.0           0.0    0.001213   False   -26.801762
312       2.2750   14.0           0.0   -0.001953   False   -32.047005
313       2.6375   14.0           0.0    0.114603    True   861.246802
314       3.0000   14.0           0.0   -0.002501   False   -29.711885
315       0.1000   15.0           0.0   -0.001977   False   -24.590933
316       0.4625   15.0           0.0   -0.000545   False   -25.370441
317       0.8250   15.0           0.0   -0.000695   False   -24.111854
318       1.1875   15.0           0.0   -0.000502   False   -23.717933
319       1.5500   15.0           0.0   -0.001979   False   -27.330928
320       1.9125   15.0           0.0   -0.002040   False   -27.385681
321       2.2750   15.0           0.0   -0.001990   False   -29.475688
322       2.6375   15.0           0.0   -0.002203   False   -30.367243
323       3.0000   15.0           0.0   -0.002309   False   -31.430952
324       0.1000   16.0           0.0   -0.001739   False   -22.004581
325       0.4625   16.0           0.0   -0.001498   False   -25.184382
326       0.8250   16.0           0.0   -0.001039   False   -21.593887
327       1.1875   16.0           0.0   -0.001646   False   -27.764304
328       1.5500   16.0           0.0   -0.002034   False   -27.182773
329       1.9125   16.0           0.0   -0.001575   False   -29.655415
330       2.2750   16.0           0.0   -0.001579   False   -30.332026
331       2.6375   16.0           0.0   -0.001125   False   -29.161732
332       3.0000   16.0           0.0   -0.001766   False   -27.829919
333       0.1000   17.0           0.0   -0.001277   False   -25.224508
334       0.4625   17.0           0.0   -0.001819   False   -26.926685
335       0.8250   17.0           0.0   -0.002590   False   -27.679087
336       1.1875   17.0           0.0   -0.001258   False   -26.640970
337       1.5500   17.0           0.0   -0.002175   False   -25.155501
338       1.9125   17.0           0.0   -0.001947   False   -26.331313
339       2.2750   17.0           0.0   -0.001751   False   -28.805054
340       2.6375   17.0           0.0   -0.001997   False   -32.290642
341       3.0000   17.0           0.0   -0.002474   False   -30.607460
342       0.1000   18.0           0.0   -0.002477   False   -24.119644
343       0.4625   18.0           0.0   -0.001582   False   -26.436576
344       0.8250   18.0           0.0   -0.002023   False   -25.917714
345       1.1875   18.0           0.0   -0.001672   False   -27.383201
346       1.5500   18.0           0.0   -0.002012   False   -28.004553
347       1.9125   18.0           0.0   -0.001728   False   -27.596972
348       2.2750   18.0           0.0   -0.002276   False   -31.456307
349       2.6375   18.0           0.0   -0.002559   False   -30.644845
350       3.0000   18.0           0.0   -0.002762   False   -32.149884
351       0.1000   19.0           0.0   -0.001684   False   -25.854595
352       0.4625   19.0           0.0   -0.001616   False   -24.399214
353       0.8250   19.0           0.0   -0.001881   False   -27.846536
354       1.1875   19.0           0.0   -0.002418   False   -29.223571
355       1.5500   19.0           0.0   -0.001567   False   -28.185777
356       1.9125   19.0           0.0   -0.002270   False   -29.332292
357       2.2750   19.0           0.0   -0.002176   False   -29.854934
358       2.6375   19.0           0.0   -0.002767   False   -33.055901
359       3.0000   19.0           0.0   -0.003076   False   -33.195319
360       0.1000   20.0           0.0   -0.002278   False   -25.691701
361       0.4625   20.0           0.0   -0.002921   False   -26.709230
362       0.8250   20.0           0.0   -0.002343   False   -26.796509
363       1.1875   20.0           0.0   -0.002473   False   -27.397863
364       1.5500   20.0           0.0   -0.002122   False   -27.318234
365       1.9125   20.0           0.0   -0.002152   False   -29.028002
366       2.2750   20.0           0.0   -0.002544   False   -31.431273
367       2.6375   20.0           0.0   -0.002690   False   -30.379551
368       3.0000   20.0           0.0   -0.002373   False   -31.211682