Failed attempts: 185
Total attempts: 369
Success rate: 0.4986449864498645
Max speed: 1.9843773526557407
Demo cases: 
     Speed Value  Angle  Ground Noise  Mean Speed Success       Reward
0         0.1000  -20.0           0.0    0.007579   False    -7.444356
1         0.4625  -20.0           0.0    0.007969   False   -12.629727
2         0.8250  -20.0           0.0    0.008915   False    -9.734288
3         1.1875  -20.0           0.0    0.009022   False   -11.456159
4         1.5500  -20.0           0.0    0.009256   False   -11.391341
5         1.9125  -20.0           0.0    0.009415   False   -11.612517
6         2.2750  -20.0           0.0    0.009811   False   -12.682741
7         2.6375  -20.0           0.0    0.009445   False    -8.968489
8         3.0000  -20.0           0.0    0.009342   False   -10.014464
9         0.1000  -19.0           0.0    0.008240   False    -7.188125
10        0.4625  -19.0           0.0    0.008681   False    -7.346419
11        0.8250  -19.0           0.0    0.009015   False    -8.111330
12        1.1875  -19.0           0.0    0.007939   False    -6.541276
13        1.5500  -19.0           0.0    0.009778   False    -9.821845
14        1.9125  -19.0           0.0    0.010214   False   -10.252361
15        2.2750  -19.0           0.0    0.009449   False   -10.668435
16        2.6375  -19.0           0.0    0.009567   False    -8.986228
17        3.0000  -19.0           0.0    0.008241   False    -7.657816
18        0.1000  -18.0           0.0    0.010098   False    -7.385375
19        0.4625  -18.0           0.0    0.010483   False    -8.211604
20        0.8250  -18.0           0.0    0.008149   False    -2.682053
21        1.1875  -18.0           0.0    0.009456   False    -6.721201
22        1.5500  -18.0           0.0    0.008983   False    -2.629527
23        1.9125  -18.0           0.0    0.010302   False   -13.184336
24        2.2750  -18.0           0.0    0.009722   False    -8.965255
25        2.6375  -18.0           0.0    0.009543   False    -7.963194
26        3.0000  -18.0           0.0    0.008758   False    -6.347885
27        0.1000  -17.0           0.0    0.000000   False  1455.730754
28        0.4625  -17.0           0.0    0.000000   False  1353.048296
29        0.8250  -17.0           0.0    0.000000   False  1431.925081
30        1.1875  -17.0           0.0    0.139658   False   127.452361
31        1.5500  -17.0           0.0    0.000000   False  1783.630872
32        1.9125  -17.0           0.0    0.533360   False   366.046260
33        2.2750  -17.0           0.0    0.000000   False  1677.608651
34        2.6375  -17.0           0.0    0.116541   False    52.491908
35        3.0000  -17.0           0.0    0.000000   False  1453.986879
36        0.1000  -16.0           0.0    0.538433    True  1322.075461
37        0.4625  -16.0           0.0    0.409935    True  1367.597653
38        0.8250  -16.0           0.0    0.530780    True  1625.558137
39        1.1875  -16.0           0.0    0.838314   False  1195.127459
40        1.5500  -16.0           0.0    0.612008   False   818.987968
41        1.9125  -16.0           0.0    0.909793    True  1789.819495
42        2.2750  -16.0           0.0    1.001567   False   938.117975
43        2.6375  -16.0           0.0    1.552596   False  1072.775469
44        3.0000  -16.0           0.0    0.636143   False   235.963586
45        0.1000  -15.0           0.0    0.538854    True  1393.554107
46        0.4625  -15.0           0.0    0.671686    True  1355.395269
47        0.8250  -15.0           0.0    0.469814    True  1310.967627
48        1.1875  -15.0           0.0    0.118622   False   128.338932
49        1.5500  -15.0           0.0    0.559727    True  1827.892543
50        1.9125  -15.0           0.0    1.341821    True  1837.276519
51        2.2750  -15.0           0.0    0.757139   False   491.455241
52        2.6375  -15.0           0.0    1.680583   False  1576.626932
53        3.0000  -15.0           0.0    0.423714   False   193.691738
54        0.1000  -14.0           0.0    0.434922   False  1066.510747
55        0.4625  -14.0           0.0    0.585170    True  1269.893752
56        0.8250  -14.0           0.0    0.501812    True  1625.272333
57        1.1875  -14.0           0.0    0.277367   False   282.397194
58        1.5500  -14.0           0.0    1.145930    True  1874.965579
59        1.9125  -14.0           0.0    0.640024    True  2120.849926
60        2.2750  -14.0           0.0    1.984377    True  1648.757150
61        2.6375  -14.0           0.0    1.376738    True  1730.811024
62        3.0000  -14.0           0.0    1.405249    True  1494.122888
63        0.1000  -13.0           0.0    0.257148   False   572.205052
64        0.4625  -13.0           0.0    0.673960    True  1353.431037
65        0.8250  -13.0           0.0    0.412831    True  1354.107698
66        1.1875  -13.0           0.0    0.115938   False   151.891393
67        1.5500  -13.0           0.0    0.722710   False   736.774520
68        1.9125  -13.0           0.0    1.036481    True  1879.345802
69        2.2750  -13.0           0.0    0.732596    True  1978.828806
70        2.6375  -13.0           0.0    1.759182    True  1427.884324
71        3.0000  -13.0           0.0    1.165363   False   844.196947
72        0.1000  -12.0           0.0    0.368489    True  1176.156213
73        0.4625  -12.0           0.0    0.459293    True  1073.439171
74        0.8250  -12.0           0.0    0.454680    True  2047.424172
75        1.1875  -12.0           0.0    1.020857    True  1503.890907
76        1.5500  -12.0           0.0    0.910002    True  1980.853771
77        1.9125  -12.0           0.0    0.799645    True  2005.533109
78        2.2750  -12.0           0.0    1.755071    True  1582.413958
79        2.6375  -12.0           0.0    0.379442   False   157.242496
80        3.0000  -12.0           0.0    0.681540   False   302.103838
81        0.1000  -11.0           0.0    0.273792   False   888.217629
82        0.4625  -11.0           0.0    0.285703   False  1049.426387
83        0.8250  -11.0           0.0    0.504211    True  2059.312898
84        1.1875  -11.0           0.0    0.286711   False   353.649950
85        1.5500  -11.0           0.0    0.660939    True  2069.369494
86        1.9125  -11.0           0.0    0.646026   False   562.186786
87        2.2750  -11.0           0.0    1.687965    True  1786.708988
88        2.6375  -11.0           0.0    0.948825    True  1824.577935
89        3.0000  -11.0           0.0    0.550289    True  1605.015610
90        0.1000  -10.0           0.0    0.434674    True  1133.875642
91        0.4625  -10.0           0.0    0.367938   False   721.298379
92        0.8250  -10.0           0.0    0.403404    True  2027.649199
93        1.1875  -10.0           0.0    0.661419   False   951.286274
94        1.5500  -10.0           0.0    1.389704    True  1850.318871
95        1.9125  -10.0           0.0    0.856384    True  1995.741370
96        2.2750  -10.0           0.0    1.583076    True  1827.121052
97        2.6375  -10.0           0.0    1.309838    True  1339.503340
98        3.0000  -10.0           0.0    0.591361   False   660.237479
99        0.1000   -9.0           0.0    0.163425   False   615.949027
100       0.4625   -9.0           0.0    0.204970   False   409.699260
101       0.8250   -9.0           0.0    0.515058    True  2095.288449
102       1.1875   -9.0           0.0    0.757387    True  1887.829573
103       1.5500   -9.0           0.0    0.831887    True  1884.011677
104       1.9125   -9.0           0.0    0.551892    True  1970.325767
105       2.2750   -9.0           0.0    1.080772    True  1859.226469
106       2.6375   -9.0           0.0    0.220856    True  1423.849139
107       3.0000   -9.0           0.0    1.029459   False   875.939834
108       0.1000   -8.0           0.0    0.133617   False   289.557729
109       0.4625   -8.0           0.0    0.196765   False   488.503019
110       0.8250   -8.0           0.0    0.344229    True  1702.744800
111       1.1875   -8.0           0.0    0.799264   False   807.718766
112       1.5500   -8.0           0.0    1.485664    True  1877.867786
113       1.9125   -8.0           0.0    0.578688    True  2037.034804
114       2.2750   -8.0           0.0    1.260293    True  1883.306729
115       2.6375   -8.0           0.0    1.529784    True  1603.435792
116       3.0000   -8.0           0.0    0.377630   False   107.749075
117       0.1000   -7.0           0.0    0.096642   False   218.355505
118       0.4625   -7.0           0.0    0.258438   False  1051.641147
119       0.8250   -7.0           0.0    0.388390    True  2019.282462
120       1.1875   -7.0           0.0    0.727939    True  1923.522696
121       1.5500   -7.0           0.0    0.710641    True  1934.754246
122       1.9125   -7.0           0.0    0.673179    True  1990.572309
123       2.2750   -7.0           0.0    0.850325   False   675.295980
124       2.6375   -7.0           0.0    0.430996    True  1824.112273
125       3.0000   -7.0           0.0    0.436671   False   206.880743
126       0.1000   -6.0           0.0    0.133686   False   609.034963
127       0.4625   -6.0           0.0    0.125386   False   371.970492
128       0.8250   -6.0           0.0    0.408339    True  2083.991725
129       1.1875   -6.0           0.0    0.837379    True  1981.287811
130       1.5500   -6.0           0.0    0.524508    True  2015.046307
131       1.9125   -6.0           0.0    0.707489    True  1945.283958
132       2.2750   -6.0           0.0    0.925626    True  1931.255455
133       2.6375   -6.0           0.0    1.469391    True  1494.637330
134       3.0000   -6.0           0.0    0.868339    True  1505.675539
135       0.1000   -5.0           0.0    0.155353   False   530.714849
136       0.4625   -5.0           0.0    0.249417   False  1125.163060
137       0.8250   -5.0           0.0    0.407764    True  2094.273546
138       1.1875   -5.0           0.0    1.042929    True  1647.353811
139       1.5500   -5.0           0.0    0.732303    True  1743.564860
140       1.9125   -5.0           0.0    0.623315    True  1918.928233
141       2.2750   -5.0           0.0    0.697025    True  1959.924339
142       2.6375   -5.0           0.0    0.830322   False  1043.034544
143       3.0000   -5.0           0.0    1.507612    True  1338.853232
144       0.1000   -4.0           0.0    0.194936    True  2023.668260
145       0.4625   -4.0           0.0    0.336611   False  1245.322177
146       0.8250   -4.0           0.0    0.281725    True  2092.586613
147       1.1875   -4.0           0.0    0.271634   False   541.452188
148       1.5500   -4.0           0.0    0.729475    True  1837.780012
149       1.9125   -4.0           0.0    0.675553    True  1972.160506
150       2.2750   -4.0           0.0    0.618803    True  1747.596068
151       2.6375   -4.0           0.0    1.120274    True  1506.166448
152       3.0000   -4.0           0.0    0.774378   False  1073.544788
153       0.1000   -3.0           0.0    0.171888    True  1945.821954
154       0.4625   -3.0           0.0    0.139950   False   437.663651
155       0.8250   -3.0           0.0    0.321692    True  2041.760862
156       1.1875   -3.0           0.0    0.234857   False   337.234774
157       1.5500   -3.0           0.0    0.475483    True  2072.684703
158       1.9125   -3.0           0.0    0.922902    True  1886.162015
159       2.2750   -3.0           0.0    0.895890    True  1835.731490
160       2.6375   -3.0           0.0    0.971180    True  1473.945184
161       3.0000   -3.0           0.0    1.167054    True  1763.129589
162       0.1000   -2.0           0.0    0.187031    True  2022.941448
163       0.4625   -2.0           0.0    0.114365   False   649.826165
164       0.8250   -2.0           0.0    0.240824    True  1953.339742
165       1.1875   -2.0           0.0    0.754522    True  1641.674922
166       1.5500   -2.0           0.0    0.632000    True  2060.750159
167       1.9125   -2.0           0.0    0.590061    True  2003.192178
168       2.2750   -2.0           0.0    0.688356    True  1926.685491
169       2.6375   -2.0           0.0    0.807953    True  1536.004759
170       3.0000   -2.0           0.0    0.519317    True  1122.481213
171       0.1000   -1.0           0.0    0.159199    True  1910.073076
172       0.4625   -1.0           0.0    0.336561    True  1764.839502
173       0.8250   -1.0           0.0    0.311007    True  2038.710889
174       1.1875   -1.0           0.0    1.072853    True  1711.200731
175       1.5500   -1.0           0.0    0.580298    True  1977.001250
176       1.9125   -1.0           0.0    0.614877    True  1957.673790
177       2.2750   -1.0           0.0    0.760932    True  1814.120831
178       2.6375   -1.0           0.0    1.016922    True  1630.856033
179       3.0000   -1.0           0.0    0.986943    True  1694.265272
180       0.1000    0.0           0.0    0.149195   False  1237.600192
181       0.4625    0.0           0.0    0.264053    True  1871.872609
182       0.8250    0.0           0.0    0.251444    True  2017.441883
183       1.1875    0.0           0.0    0.662676    True  1920.552808
184       1.5500    0.0           0.0    0.572704    True  1966.433057
185       1.9125    0.0           0.0    0.849729    True  1794.820631
186       2.2750    0.0           0.0    1.243064    True  1825.494424
187       2.6375    0.0           0.0    0.479694   False   587.184568
188       3.0000    0.0           0.0    0.427980    True  1557.510654
189       0.1000    1.0           0.0    0.195228    True  1956.505928
190       0.4625    1.0           0.0    0.148491   False   602.950529
191       0.8250    1.0           0.0    0.239004    True  2086.660992
192       1.1875    1.0           0.0    0.735090    True  1705.533834
193       1.5500    1.0           0.0    0.414499    True  2006.564818
194       1.9125    1.0           0.0    0.891672    True  1875.385630
195       2.2750    1.0           0.0    0.704701    True  1754.320631
196       2.6375    1.0           0.0    0.734857   False   989.862295
197       3.0000    1.0           0.0    0.829631    True  1276.429997
198       0.1000    2.0           0.0    0.163192    True  1941.001974
199       0.4625    2.0           0.0    0.154308   False  1212.670163
200       0.8250    2.0           0.0    0.230407    True  1855.308033
201       1.1875    2.0           0.0    0.453720    True  1890.738707
202       1.5500    2.0           0.0    0.652084    True  1906.213689
203       1.9125    2.0           0.0    0.643984    True  1913.100678
204       2.2750    2.0           0.0    0.627439    True  1905.284192
205       2.6375    2.0           0.0    0.319008    True  1872.756411
206       3.0000    2.0           0.0    1.040230    True   830.253545
207       0.1000    3.0           0.0    0.109003   False   715.340166
208       0.4625    3.0           0.0    0.303000    True  1647.613771
209       0.8250    3.0           0.0    0.240489    True  1949.112821
210       1.1875    3.0           0.0    0.599055    True  1763.053962
211       1.5500    3.0           0.0    0.530360    True  1919.018164
212       1.9125    3.0           0.0    0.892754    True  1794.676547
213       2.2750    3.0           0.0    0.709605    True  1531.931804
214       2.6375    3.0           0.0    0.737619    True  1694.003430
215       3.0000    3.0           0.0    0.572720    True  1260.343643
216       0.1000    4.0           0.0    0.102660    True  2061.533435
217       0.4625    4.0           0.0    0.226379    True  1904.051234
218       0.8250    4.0           0.0    0.187405    True  1989.423479
219       1.1875    4.0           0.0    0.486266    True  1797.708059
220       1.5500    4.0           0.0    0.724062    True  1676.550031
221       1.9125    4.0           0.0    0.401600    True  1872.011474
222       2.2750    4.0           0.0    0.610392    True  1766.076300
223       2.6375    4.0           0.0    0.883306    True  1528.937348
224       3.0000    4.0           0.0    0.856614    True  1691.105127
225       0.1000    5.0           0.0    0.127277    True  2014.311703
226       0.4625    5.0           0.0    0.147193   False   638.921216
227       0.8250    5.0           0.0    0.126089    True  1950.074269
228       1.1875    5.0           0.0    0.530319    True  1551.772954
229       1.5500    5.0           0.0    0.436396    True  1795.833011
230       1.9125    5.0           0.0    0.401638    True  1755.748128
231       2.2750    5.0           0.0    0.499392    True  1733.633943
232       2.6375    5.0           0.0    0.534857    True  1547.874095
233       3.0000    5.0           0.0    0.586733    True  1589.409929
234       0.1000    6.0           0.0    0.103820    True  1930.354938
235       0.4625    6.0           0.0    0.115679    True  1953.385978
236       0.8250    6.0           0.0    0.226390    True  1936.224398
237       1.1875    6.0           0.0    0.230565   False   430.795452
238       1.5500    6.0           0.0    0.346574    True  1901.622582
239       1.9125    6.0           0.0    0.387281    True  1816.443377
240       2.2750    6.0           0.0    0.754580    True  1542.072821
241       2.6375    6.0           0.0    0.442067    True  1696.306427
242       3.0000    6.0           0.0    0.178936   False   267.816699
243       0.1000    7.0           0.0   -0.000194   False   -26.076426
244       0.4625    7.0           0.0    0.123836    True  1588.256454
245       0.8250    7.0           0.0    0.137006    True  1949.336776
246       1.1875    7.0           0.0    0.430983    True  1615.638172
247       1.5500    7.0           0.0    0.374193    True  1643.829196
248       1.9125    7.0           0.0    0.406276    True  1782.483248
249       2.2750    7.0           0.0    0.413285    True  1648.544882
250       2.6375    7.0           0.0    0.648699    True  1212.524941
251       3.0000    7.0           0.0    0.285996   False   307.718114
252       0.1000    8.0           0.0    0.000000   False  1747.703225
253       0.4625    8.0           0.0    0.117802   False   967.563654
254       0.8250    8.0           0.0    0.000000   False  1902.810084
255       1.1875    8.0           0.0    0.288268    True  1483.128819
256       1.5500    8.0           0.0    0.444957    True  1679.364637
257       1.9125    8.0           0.0    0.389709    True  1701.081344
258       2.2750    8.0           0.0    0.645441    True  1584.259362
259       2.6375    8.0           0.0    0.294982    True  1766.223523
260       3.0000    8.0           0.0    0.074163   False   214.708608
261       0.1000    9.0           0.0    0.000000   False  1951.912200
262       0.4625    9.0           0.0    0.094411   False   481.839152
263       0.8250    9.0           0.0    0.130021    True  1788.162906
264       1.1875    9.0           0.0    0.398034    True  1284.403140
265       1.5500    9.0           0.0    0.321554    True  1769.642544
266       1.9125    9.0           0.0    0.326774    True  1705.220895
267       2.2750    9.0           0.0    0.476203    True  1702.764959
268       2.6375    9.0           0.0    0.371385   False  1179.236936
269       3.0000    9.0           0.0   -0.088452   False   523.423042
270       0.1000   10.0           0.0    0.000000   False  1856.309789
271       0.4625   10.0           0.0    0.000000   False  1857.920692
272       0.8250   10.0           0.0    0.000000   False  1920.097756
273       1.1875   10.0           0.0    0.074000   False   906.823282
274       1.5500   10.0           0.0    0.353773    True  1678.883585
275       1.9125   10.0           0.0    0.297792    True  1667.896070
276       2.2750   10.0           0.0    0.439037    True  1644.352323
277       2.6375   10.0           0.0    0.565250    True  1530.536068
278       3.0000   10.0           0.0    0.019812   False    18.467640
279       0.1000   11.0           0.0    0.000000   False  1791.829891
280       0.4625   11.0           0.0    0.000000   False  1765.352287
281       0.8250   11.0           0.0    0.103308    True  1887.937029
282       1.1875   11.0           0.0    0.042298   False   184.587888
283       1.5500   11.0           0.0    0.000000   False  1610.418477
284       1.9125   11.0           0.0    0.264392    True  1685.005255
285       2.2750   11.0           0.0    0.424743    True  1565.713624
286       2.6375   11.0           0.0    0.369199    True  1620.306644
287       3.0000   11.0           0.0   -0.076127   False   337.057287
288       0.1000   12.0           0.0    0.000000   False  1821.326972
289       0.4625   12.0           0.0   -0.013057   False   401.170819
290       0.8250   12.0           0.0    0.150559    True  1721.424866
291       1.1875   12.0           0.0    0.014275   False   166.426956
292       1.5500   12.0           0.0    0.261193    True  1638.334241
293       1.9125   12.0           0.0    0.139395    True  1571.949918
294       2.2750   12.0           0.0    0.030063   False   162.011847
295       2.6375   12.0           0.0    0.047678   False   183.884261
296       3.0000   12.0           0.0    0.214676    True  1577.376406
297       0.1000   13.0           0.0    0.000000   False  1847.778248
298       0.4625   13.0           0.0    0.000000   False  1400.682064
299       0.8250   13.0           0.0    0.000000   False  1572.455039
300       1.1875   13.0           0.0    0.000000   False  1348.836556
301       1.5500   13.0           0.0    0.000000   False  1502.052695
302       1.9125   13.0           0.0    0.000000   False  1525.545754
303       2.2750   13.0           0.0    0.276271   False  1080.318515
304       2.6375   13.0           0.0   -0.106790   False    73.409915
305       3.0000   13.0           0.0   -0.059716   False   252.558827
306       0.1000   14.0           0.0    0.000000   False  1719.972845
307       0.4625   14.0           0.0   -0.077386   False   414.548828
308       0.8250   14.0           0.0    0.000000   False  1563.055039
309       1.1875   14.0           0.0    0.020908   False   158.857717
310       1.5500   14.0           0.0    0.000000   False  1300.023476
311       1.9125   14.0           0.0    0.000000   False  1373.330701
312       2.2750   14.0           0.0    0.338965    True  1289.093882
313       2.6375   14.0           0.0    0.000000   False   793.746864
314       3.0000   14.0           0.0    0.253867    True  1249.607411
315       0.1000   15.0           0.0   -0.002350   False    -8.538877
316       0.4625   15.0           0.0    0.000000   False  1730.643673
317       0.8250   15.0           0.0    0.000000   False  1644.391413
318       1.1875   15.0           0.0    0.040370   False   356.802698
319       1.5500   15.0           0.0    0.000000   False  1347.567464
320       1.9125   15.0           0.0    0.000000   False  1373.453567
321       2.2750   15.0           0.0    0.123510    True  1290.230164
322       2.6375   15.0           0.0   -0.011159   False   833.055044
323       3.0000   15.0           0.0   -0.033181   False   236.626962
324       0.1000   16.0           0.0    0.000000   False  1727.360675
325       0.4625   16.0           0.0   -0.004353   False    11.585127
326       0.8250   16.0           0.0    0.000000   False  1508.959933
327       1.1875   16.0           0.0    0.006214   False   143.928881
328       1.5500   16.0           0.0    0.000000   False  1285.082816
329       1.9125   16.0           0.0    0.000000   False  1333.144596
330       2.2750   16.0           0.0    0.000000   False  1204.471649
331       2.6375   16.0           0.0   -0.021606   False    39.891798
332       3.0000   16.0           0.0   -0.094432   False   479.192513
333       0.1000   17.0           0.0   -0.002086   False    -0.616307
334       0.4625   17.0           0.0   -0.001645   False    -3.999581
335       0.8250   17.0           0.0    0.000000   False  1595.131606
336       1.1875   17.0           0.0   -0.001986   False    -1.344327
337       1.5500   17.0           0.0   -0.001414   False   -21.465423
338       1.9125   17.0           0.0   -0.002078   False    -0.733200
339       2.2750   17.0           0.0   -0.001781   False    -1.725010
340       2.6375   17.0           0.0   -0.002472   False   -10.375636
341       3.0000   17.0           0.0   -0.002755   False    -9.287259
342       0.1000   18.0           0.0   -0.002212   False   -19.730940
343       0.4625   18.0           0.0   -0.001145   False   -20.346008
344       0.8250   18.0           0.0   -0.002814   False    -2.780967
345       1.1875   18.0           0.0   -0.002290   False    -2.785534
346       1.5500   18.0           0.0   -0.001913   False    -3.620005
347       1.9125   18.0           0.0   -0.002644   False    -4.632954
348       2.2750   18.0           0.0   -0.002203   False    -5.897157
349       2.6375   18.0           0.0   -0.001991   False   -10.051837
350       3.0000   18.0           0.0   -0.001591   False    -7.438385
351       0.1000   19.0           0.0   -0.002658   False   -14.854780
352       0.4625   19.0           0.0   -0.002443   False    -3.531605
353       0.8250   19.0           0.0   -0.002073   False    -5.094935
354       1.1875   19.0           0.0   -0.001835   False    -8.373100
355       1.5500   19.0           0.0   -0.001552   False    -6.208095
356       1.9125   19.0           0.0   -0.001755   False    -7.275752
357       2.2750   19.0           0.0   -0.000984   False   -14.769956
358       2.6375   19.0           0.0   -0.001907   False   -17.099390
359       3.0000   19.0           0.0   -0.001766   False    -8.913466
360       0.1000   20.0           0.0   -0.002196   False    -8.609044
361       0.4625   20.0           0.0   -0.002408   False   -10.262112
362       0.8250   20.0           0.0   -0.001655   False   -16.709634
363       1.1875   20.0           0.0   -0.001235   False   -14.627294
364       1.5500   20.0           0.0   -0.002038   False    -7.536911
365       1.9125   20.0           0.0   -0.001631   False    -7.461583
366       2.2750   20.0           0.0   -0.001701   False    -6.287059
367       2.6375   20.0           0.0   -0.002533   False   -13.022772
368       3.0000   20.0           0.0   -0.001852   False   -10.235037